/*--------------------------------*- C++ -*----------------------------------*\
  =========                 |
  \\      /  F ield         | OpenFOAM: The Open Source CFD Toolbox
   \\    /   O peration     | Website:  https://openfoam.org
    \\  /    A nd           | Version:  9
     \\/     M anipulation  |
\*---------------------------------------------------------------------------*/
FoamFile
{
    format      ascii;
    class       surfaceScalarField;
    location    "600";
    object      phia;
}
// * * * * * * * * * * * * * * * * * * * * * * * * * * * * * * * * * * * * * //

dimensions      [0 2 0 0 0 0 0];

internalField   nonuniform List<scalar> 
999
(
2.05291e-10
2.03741e-10
2.0295e-10
2.01986e-10
2.00932e-10
1.99805e-10
1.98638e-10
1.97444e-10
1.9623e-10
1.95018e-10
1.93803e-10
1.92589e-10
1.91384e-10
1.90179e-10
1.88976e-10
1.87778e-10
1.86583e-10
1.85382e-10
1.84161e-10
1.82887e-10
1.81491e-10
1.79913e-10
1.78185e-10
1.76557e-10
1.75336e-10
1.74562e-10
1.74062e-10
1.73687e-10
1.73364e-10
1.73069e-10
1.72792e-10
1.72531e-10
1.72283e-10
1.72045e-10
1.71819e-10
1.71607e-10
1.71409e-10
1.71225e-10
1.71055e-10
1.70901e-10
1.70767e-10
1.70658e-10
1.70581e-10
1.70535e-10
1.70518e-10
1.70515e-10
1.70521e-10
1.70551e-10
1.7067e-10
1.70806e-10
1.70965e-10
1.71143e-10
1.71336e-10
1.71543e-10
1.71762e-10
1.71996e-10
1.72251e-10
1.72533e-10
1.72851e-10
1.73214e-10
1.73629e-10
1.74104e-10
1.74643e-10
1.75251e-10
1.75929e-10
1.76678e-10
1.775e-10
1.78395e-10
1.79365e-10
1.8041e-10
1.81535e-10
1.82741e-10
1.84031e-10
1.85409e-10
1.86878e-10
1.88439e-10
1.90098e-10
1.91853e-10
1.93709e-10
1.95663e-10
1.97716e-10
1.99864e-10
2.02106e-10
2.04433e-10
2.06842e-10
2.09323e-10
2.11865e-10
2.14454e-10
2.1708e-10
2.19724e-10
2.22366e-10
2.24982e-10
2.27567e-10
2.30087e-10
2.32509e-10
2.34824e-10
2.37043e-10
2.39098e-10
2.40954e-10
2.42683e-10
2.44309e-10
2.45647e-10
2.46727e-10
2.47862e-10
2.48905e-10
2.49371e-10
2.49375e-10
2.48223e-10
2.37297e-10
2.0129e-10
2.65939e-11
1.12283e-13
2.81912e-19
2.27386e-31
3.36214e-57
7.94967e-113
2.19779e-231
0
0
0
0
0
0
0
0
0
0
0
0
0
0
0
0
0
0
0
0
0
0
0
0
0
0
0
0
0
0
0
0
0
0
0
0
0
0
0
0
0
0
0
0
0
0
0
0
0
0
0
0
0
0
0
0
0
0
0
0
0
0
0
0
0
0
0
0
0
0
0
0
0
0
0
0
0
0
0
0
0
0
0
0
0
0
0
0
0
0
0
0
0
0
0
0
0
0
0
0
0
0
0
0
0
0
0
0
0
0
0
0
0
0
0
0
0
0
0
0
0
0
0
0
0
0
0
0
0
0
0
0
0
0
0
0
0
0
0
0
0
0
0
0
0
0
0
0
0
0
0
0
0
0
0
0
0
0
0
0
0
0
0
0
0
0
0
0
0
0
0
0
0
0
0
0
0
0
0
0
0
0
0
0
0
0
0
0
0
0
0
0
0
0
0
0
0
0
0
0
0
0
0
0
0
0
0
0
0
0
0
0
0
0
0
0
0
0
0
0
0
0
0
0
0
0
0
0
0
0
0
0
0
0
0
0
0
0
0
0
0
0
0
0
0
0
0
0
0
0
0
0
0
0
0
0
0
0
0
0
0
0
0
0
0
0
0
0
0
0
0
0
0
0
0
0
0
0
0
0
0
0
0
0
0
0
0
0
0
0
0
0
0
0
0
0
0
0
0
0
0
0
0
0
0
0
0
0
0
0
0
0
0
0
0
0
0
0
0
0
0
0
0
0
0
0
0
0
0
0
0
0
0
0
0
0
0
0
0
0
0
0
0
0
0
0
0
0
0
0
0
0
0
0
0
0
0
0
0
0
0
0
0
0
0
0
0
0
0
0
0
0
0
0
0
0
0
0
0
0
0
0
0
0
0
0
0
0
0
0
0
0
0
0
0
0
0
0
0
0
0
0
0
0
0
0
0
0
0
0
0
0
0
0
0
0
0
0
0
0
0
0
0
0
0
0
0
0
0
0
0
0
0
0
0
0
0
0
0
0
0
0
0
0
0
0
0
0
0
0
0
0
0
0
0
0
0
0
0
0
0
0
0
0
0
0
0
0
0
0
0
0
0
0
0
0
0
0
0
0
0
0
0
0
0
0
0
0
0
0
0
0
0
0
0
0
0
0
0
0
0
0
0
0
0
0
0
0
0
0
0
0
0
0
0
0
0
0
0
0
0
0
0
0
0
0
0
0
0
0
0
0
0
0
0
0
0
0
0
0
0
0
0
0
0
0
0
0
0
0
0
0
0
0
0
0
0
0
0
0
0
0
0
0
0
0
0
0
0
0
0
0
0
0
0
0
0
0
0
0
0
0
0
0
0
0
0
0
0
0
0
0
0
0
0
0
0
0
0
0
0
0
0
0
0
0
0
0
0
0
0
0
0
0
0
0
0
0
0
0
0
0
0
0
0
0
0
0
0
0
0
0
0
0
0
0
0
0
0
0
0
0
0
0
0
0
0
0
0
0
0
0
0
0
0
0
0
0
0
0
0
0
0
0
0
0
0
0
0
0
0
0
0
0
0
0
0
0
0
0
0
0
0
0
0
0
0
0
0
0
0
0
0
0
0
0
0
0
0
0
0
0
0
0
0
0
0
0
0
0
0
0
0
0
0
0
0
0
0
0
0
0
0
0
0
0
0
0
0
0
0
0
0
0
0
0
0
0
0
0
0
0
0
0
0
0
0
0
0
0
0
0
0
0
0
0
0
0
0
0
0
0
0
0
0
0
0
0
0
0
0
0
0
0
0
0
0
0
0
0
0
0
0
0
0
0
0
0
0
0
0
0
0
0
0
0
0
0
0
0
0
0
0
0
0
0
0
0
0
0
0
0
0
0
0
0
0
0
0
0
0
0
0
0
0
0
0
0
0
0
0
0
0
0
0
0
0
0
0
0
0
0
0
0
0
0
0
0
0
0
0
0
0
0
0
0
0
0
0
0
0
0
0
0
0
0
0
0
0
0
0
0
0
0
0
0
0
0
0
0
0
0
)
;

boundaryField
{
    inlet
    {
        type            calculated;
        value           uniform -2.74882e-10;
    }
    outlet
    {
        type            calculated;
        value           uniform 0;
    }
    emptyWalls
    {
        type            empty;
        value           nonuniform List<scalar> 0();
    }
}


// ************************************************************************* //
