/*--------------------------------*- C++ -*----------------------------------*\
  =========                 |
  \\      /  F ield         | OpenFOAM: The Open Source CFD Toolbox
   \\    /   O peration     | Website:  https://openfoam.org
    \\  /    A nd           | Version:  9
     \\/     M anipulation  |
\*---------------------------------------------------------------------------*/
FoamFile
{
    format      ascii;
    class       vectorField;
    location    "constant/polyMesh";
    object      points;
}
// * * * * * * * * * * * * * * * * * * * * * * * * * * * * * * * * * * * * * //


4004
(
(0 0 0)
(0.00367 0 0)
(0.00734 0 0)
(0.01101 0 0)
(0.01468 0 0)
(0.01835 0 0)
(0.02202 0 0)
(0.02569 0 0)
(0.02936 0 0)
(0.03303 0 0)
(0.0367 0 0)
(0.04037 0 0)
(0.04404 0 0)
(0.04771 0 0)
(0.05138 0 0)
(0.05505 0 0)
(0.05872 0 0)
(0.06239 0 0)
(0.06606 0 0)
(0.06973 0 0)
(0.0734 0 0)
(0.07707 0 0)
(0.08074 0 0)
(0.08441 0 0)
(0.08808 0 0)
(0.09175 0 0)
(0.09542 0 0)
(0.09909 0 0)
(0.10276 0 0)
(0.10643 0 0)
(0.1101 0 0)
(0.11377 0 0)
(0.11744 0 0)
(0.12111 0 0)
(0.12478 0 0)
(0.12845 0 0)
(0.13212 0 0)
(0.13579 0 0)
(0.13946 0 0)
(0.14313 0 0)
(0.1468 0 0)
(0.15047 0 0)
(0.15414 0 0)
(0.15781 0 0)
(0.16148 0 0)
(0.16515 0 0)
(0.16882 0 0)
(0.17249 0 0)
(0.17616 0 0)
(0.17983 0 0)
(0.1835 0 0)
(0.18717 0 0)
(0.19084 0 0)
(0.19451 0 0)
(0.19818 0 0)
(0.20185 0 0)
(0.20552 0 0)
(0.20919 0 0)
(0.21286 0 0)
(0.21653 0 0)
(0.2202 0 0)
(0.22387 0 0)
(0.22754 0 0)
(0.23121 0 0)
(0.23488 0 0)
(0.23855 0 0)
(0.24222 0 0)
(0.24589 0 0)
(0.24956 0 0)
(0.25323 0 0)
(0.2569 0 0)
(0.26057 0 0)
(0.26424 0 0)
(0.26791 0 0)
(0.27158 0 0)
(0.27525 0 0)
(0.27892 0 0)
(0.28259 0 0)
(0.28626 0 0)
(0.28993 0 0)
(0.2936 0 0)
(0.29727 0 0)
(0.30094 0 0)
(0.30461 0 0)
(0.30828 0 0)
(0.31195 0 0)
(0.31562 0 0)
(0.31929 0 0)
(0.32296 0 0)
(0.32663 0 0)
(0.3303 0 0)
(0.33397 0 0)
(0.33764 0 0)
(0.34131 0 0)
(0.34498 0 0)
(0.34865 0 0)
(0.35232 0 0)
(0.35599 0 0)
(0.35966 0 0)
(0.36333 0 0)
(0.367 0 0)
(0.37067 0 0)
(0.37434 0 0)
(0.37801 0 0)
(0.38168 0 0)
(0.38535 0 0)
(0.38902 0 0)
(0.39269 0 0)
(0.39636 0 0)
(0.40003 0 0)
(0.4037 0 0)
(0.40737 0 0)
(0.41104 0 0)
(0.41471 0 0)
(0.41838 0 0)
(0.42205 0 0)
(0.42572 0 0)
(0.42939 0 0)
(0.43306 0 0)
(0.43673 0 0)
(0.4404 0 0)
(0.44407 0 0)
(0.44774 0 0)
(0.45141 0 0)
(0.45508 0 0)
(0.45875 0 0)
(0.46242 0 0)
(0.46609 0 0)
(0.46976 0 0)
(0.47343 0 0)
(0.4771 0 0)
(0.48077 0 0)
(0.48444 0 0)
(0.48811 0 0)
(0.49178 0 0)
(0.49545 0 0)
(0.49912 0 0)
(0.50279 0 0)
(0.50646 0 0)
(0.51013 0 0)
(0.5138 0 0)
(0.51747 0 0)
(0.52114 0 0)
(0.52481 0 0)
(0.52848 0 0)
(0.53215 0 0)
(0.53582 0 0)
(0.53949 0 0)
(0.54316 0 0)
(0.54683 0 0)
(0.5505 0 0)
(0.55417 0 0)
(0.55784 0 0)
(0.56151 0 0)
(0.56518 0 0)
(0.56885 0 0)
(0.57252 0 0)
(0.57619 0 0)
(0.57986 0 0)
(0.58353 0 0)
(0.5872 0 0)
(0.59087 0 0)
(0.59454 0 0)
(0.59821 0 0)
(0.60188 0 0)
(0.60555 0 0)
(0.60922 0 0)
(0.61289 0 0)
(0.61656 0 0)
(0.62023 0 0)
(0.6239 0 0)
(0.62757 0 0)
(0.63124 0 0)
(0.63491 0 0)
(0.63858 0 0)
(0.64225 0 0)
(0.64592 0 0)
(0.64959 0 0)
(0.65326 0 0)
(0.65693 0 0)
(0.6606 0 0)
(0.66427 0 0)
(0.66794 0 0)
(0.67161 0 0)
(0.67528 0 0)
(0.67895 0 0)
(0.68262 0 0)
(0.68629 0 0)
(0.68996 0 0)
(0.69363 0 0)
(0.6973 0 0)
(0.70097 0 0)
(0.70464 0 0)
(0.70831 0 0)
(0.71198 0 0)
(0.71565 0 0)
(0.71932 0 0)
(0.72299 0 0)
(0.72666 0 0)
(0.73033 0 0)
(0.734 0 0)
(0.73767 0 0)
(0.74134 0 0)
(0.74501 0 0)
(0.74868 0 0)
(0.75235 0 0)
(0.75602 0 0)
(0.75969 0 0)
(0.76336 0 0)
(0.76703 0 0)
(0.7707 0 0)
(0.77437 0 0)
(0.77804 0 0)
(0.78171 0 0)
(0.78538 0 0)
(0.78905 0 0)
(0.79272 0 0)
(0.79639 0 0)
(0.80006 0 0)
(0.80373 0 0)
(0.8074 0 0)
(0.81107 0 0)
(0.81474 0 0)
(0.81841 0 0)
(0.82208 0 0)
(0.82575 0 0)
(0.82942 0 0)
(0.83309 0 0)
(0.83676 0 0)
(0.84043 0 0)
(0.8441 0 0)
(0.84777 0 0)
(0.85144 0 0)
(0.85511 0 0)
(0.85878 0 0)
(0.86245 0 0)
(0.86612 0 0)
(0.86979 0 0)
(0.87346 0 0)
(0.87713 0 0)
(0.8808 0 0)
(0.88447 0 0)
(0.88814 0 0)
(0.89181 0 0)
(0.89548 0 0)
(0.89915 0 0)
(0.90282 0 0)
(0.90649 0 0)
(0.91016 0 0)
(0.91383 0 0)
(0.9175 0 0)
(0.92117 0 0)
(0.92484 0 0)
(0.92851 0 0)
(0.93218 0 0)
(0.93585 0 0)
(0.93952 0 0)
(0.94319 0 0)
(0.94686 0 0)
(0.95053 0 0)
(0.9542 0 0)
(0.95787 0 0)
(0.96154 0 0)
(0.96521 0 0)
(0.96888 0 0)
(0.97255 0 0)
(0.97622 0 0)
(0.97989 0 0)
(0.98356 0 0)
(0.98723 0 0)
(0.9909 0 0)
(0.99457 0 0)
(0.99824 0 0)
(1.00191 0 0)
(1.00558 0 0)
(1.00925 0 0)
(1.01292 0 0)
(1.01659 0 0)
(1.02026 0 0)
(1.02393 0 0)
(1.0276 0 0)
(1.03127 0 0)
(1.03494 0 0)
(1.03861 0 0)
(1.04228 0 0)
(1.04595 0 0)
(1.04962 0 0)
(1.05329 0 0)
(1.05696 0 0)
(1.06063 0 0)
(1.0643 0 0)
(1.06797 0 0)
(1.07164 0 0)
(1.07531 0 0)
(1.07898 0 0)
(1.08265 0 0)
(1.08632 0 0)
(1.08999 0 0)
(1.09366 0 0)
(1.09733 0 0)
(1.101 0 0)
(1.10467 0 0)
(1.10834 0 0)
(1.11201 0 0)
(1.11568 0 0)
(1.11935 0 0)
(1.12302 0 0)
(1.12669 0 0)
(1.13036 0 0)
(1.13403 0 0)
(1.1377 0 0)
(1.14137 0 0)
(1.14504 0 0)
(1.14871 0 0)
(1.15238 0 0)
(1.15605 0 0)
(1.15972 0 0)
(1.16339 0 0)
(1.16706 0 0)
(1.17073 0 0)
(1.1744 0 0)
(1.17807 0 0)
(1.18174 0 0)
(1.18541 0 0)
(1.18908 0 0)
(1.19275 0 0)
(1.19642 0 0)
(1.20009 0 0)
(1.20376 0 0)
(1.20743 0 0)
(1.2111 0 0)
(1.21477 0 0)
(1.21844 0 0)
(1.22211 0 0)
(1.22578 0 0)
(1.22945 0 0)
(1.23312 0 0)
(1.23679 0 0)
(1.24046 0 0)
(1.24413 0 0)
(1.2478 0 0)
(1.25147 0 0)
(1.25514 0 0)
(1.25881 0 0)
(1.26248 0 0)
(1.26615 0 0)
(1.26982 0 0)
(1.27349 0 0)
(1.27716 0 0)
(1.28083 0 0)
(1.2845 0 0)
(1.28817 0 0)
(1.29184 0 0)
(1.29551 0 0)
(1.29918 0 0)
(1.30285 0 0)
(1.30652 0 0)
(1.31019 0 0)
(1.31386 0 0)
(1.31753 0 0)
(1.3212 0 0)
(1.32487 0 0)
(1.32854 0 0)
(1.33221 0 0)
(1.33588 0 0)
(1.33955 0 0)
(1.34322 0 0)
(1.34689 0 0)
(1.35056 0 0)
(1.35423 0 0)
(1.3579 0 0)
(1.36157 0 0)
(1.36524 0 0)
(1.36891 0 0)
(1.37258 0 0)
(1.37625 0 0)
(1.37992 0 0)
(1.38359 0 0)
(1.38726 0 0)
(1.39093 0 0)
(1.3946 0 0)
(1.39827 0 0)
(1.40194 0 0)
(1.40561 0 0)
(1.40928 0 0)
(1.41295 0 0)
(1.41662 0 0)
(1.42029 0 0)
(1.42396 0 0)
(1.42763 0 0)
(1.4313 0 0)
(1.43497 0 0)
(1.43864 0 0)
(1.44231 0 0)
(1.44598 0 0)
(1.44965 0 0)
(1.45332 0 0)
(1.45699 0 0)
(1.46066 0 0)
(1.46433 0 0)
(1.468 0 0)
(1.47167 0 0)
(1.47534 0 0)
(1.47901 0 0)
(1.48268 0 0)
(1.48635 0 0)
(1.49002 0 0)
(1.49369 0 0)
(1.49736 0 0)
(1.50103 0 0)
(1.5047 0 0)
(1.50837 0 0)
(1.51204 0 0)
(1.51571 0 0)
(1.51938 0 0)
(1.52305 0 0)
(1.52672 0 0)
(1.53039 0 0)
(1.53406 0 0)
(1.53773 0 0)
(1.5414 0 0)
(1.54507 0 0)
(1.54874 0 0)
(1.55241 0 0)
(1.55608 0 0)
(1.55975 0 0)
(1.56342 0 0)
(1.56709 0 0)
(1.57076 0 0)
(1.57443 0 0)
(1.5781 0 0)
(1.58177 0 0)
(1.58544 0 0)
(1.58911 0 0)
(1.59278 0 0)
(1.59645 0 0)
(1.60012 0 0)
(1.60379 0 0)
(1.60746 0 0)
(1.61113 0 0)
(1.6148 0 0)
(1.61847 0 0)
(1.62214 0 0)
(1.62581 0 0)
(1.62948 0 0)
(1.63315 0 0)
(1.63682 0 0)
(1.64049 0 0)
(1.64416 0 0)
(1.64783 0 0)
(1.6515 0 0)
(1.65517 0 0)
(1.65884 0 0)
(1.66251 0 0)
(1.66618 0 0)
(1.66985 0 0)
(1.67352 0 0)
(1.67719 0 0)
(1.68086 0 0)
(1.68453 0 0)
(1.6882 0 0)
(1.69187 0 0)
(1.69554 0 0)
(1.69921 0 0)
(1.70288 0 0)
(1.70655 0 0)
(1.71022 0 0)
(1.71389 0 0)
(1.71756 0 0)
(1.72123 0 0)
(1.7249 0 0)
(1.72857 0 0)
(1.73224 0 0)
(1.73591 0 0)
(1.73958 0 0)
(1.74325 0 0)
(1.74692 0 0)
(1.75059 0 0)
(1.75426 0 0)
(1.75793 0 0)
(1.7616 0 0)
(1.76527 0 0)
(1.76894 0 0)
(1.77261 0 0)
(1.77628 0 0)
(1.77995 0 0)
(1.78362 0 0)
(1.78729 0 0)
(1.79096 0 0)
(1.79463 0 0)
(1.7983 0 0)
(1.80197 0 0)
(1.80564 0 0)
(1.80931 0 0)
(1.81298 0 0)
(1.81665 0 0)
(1.82032 0 0)
(1.82399 0 0)
(1.82766 0 0)
(1.83133 0 0)
(1.835 0 0)
(1.83867 0 0)
(1.84234 0 0)
(1.84601 0 0)
(1.84968 0 0)
(1.85335 0 0)
(1.85702 0 0)
(1.86069 0 0)
(1.86436 0 0)
(1.86803 0 0)
(1.8717 0 0)
(1.87537 0 0)
(1.87904 0 0)
(1.88271 0 0)
(1.88638 0 0)
(1.89005 0 0)
(1.89372 0 0)
(1.89739 0 0)
(1.90106 0 0)
(1.90473 0 0)
(1.9084 0 0)
(1.91207 0 0)
(1.91574 0 0)
(1.91941 0 0)
(1.92308 0 0)
(1.92675 0 0)
(1.93042 0 0)
(1.93409 0 0)
(1.93776 0 0)
(1.94143 0 0)
(1.9451 0 0)
(1.94877 0 0)
(1.95244 0 0)
(1.95611 0 0)
(1.95978 0 0)
(1.96345 0 0)
(1.96712 0 0)
(1.97079 0 0)
(1.97446 0 0)
(1.97813 0 0)
(1.9818 0 0)
(1.98547 0 0)
(1.98914 0 0)
(1.99281 0 0)
(1.99648 0 0)
(2.00015 0 0)
(2.00382 0 0)
(2.00749 0 0)
(2.01116 0 0)
(2.01483 0 0)
(2.0185 0 0)
(2.02217 0 0)
(2.02584 0 0)
(2.02951 0 0)
(2.03318 0 0)
(2.03685 0 0)
(2.04052 0 0)
(2.04419 0 0)
(2.04786 0 0)
(2.05153 0 0)
(2.0552 0 0)
(2.05887 0 0)
(2.06254 0 0)
(2.06621 0 0)
(2.06988 0 0)
(2.07355 0 0)
(2.07722 0 0)
(2.08089 0 0)
(2.08456 0 0)
(2.08823 0 0)
(2.0919 0 0)
(2.09557 0 0)
(2.09924 0 0)
(2.10291 0 0)
(2.10658 0 0)
(2.11025 0 0)
(2.11392 0 0)
(2.11759 0 0)
(2.12126 0 0)
(2.12493 0 0)
(2.1286 0 0)
(2.13227 0 0)
(2.13594 0 0)
(2.13961 0 0)
(2.14328 0 0)
(2.14695 0 0)
(2.15062 0 0)
(2.15429 0 0)
(2.15796 0 0)
(2.16163 0 0)
(2.1653 0 0)
(2.16897 0 0)
(2.17264 0 0)
(2.17631 0 0)
(2.17998 0 0)
(2.18365 0 0)
(2.18732 0 0)
(2.19099 0 0)
(2.19466 0 0)
(2.19833 0 0)
(2.202 0 0)
(2.20567 0 0)
(2.20934 0 0)
(2.21301 0 0)
(2.21668 0 0)
(2.22035 0 0)
(2.22402 0 0)
(2.22769 0 0)
(2.23136 0 0)
(2.23503 0 0)
(2.2387 0 0)
(2.24237 0 0)
(2.24604 0 0)
(2.24971 0 0)
(2.25338 0 0)
(2.25705 0 0)
(2.26072 0 0)
(2.26439 0 0)
(2.26806 0 0)
(2.27173 0 0)
(2.2754 0 0)
(2.27907 0 0)
(2.28274 0 0)
(2.28641 0 0)
(2.29008 0 0)
(2.29375 0 0)
(2.29742 0 0)
(2.30109 0 0)
(2.30476 0 0)
(2.30843 0 0)
(2.3121 0 0)
(2.31577 0 0)
(2.31944 0 0)
(2.32311 0 0)
(2.32678 0 0)
(2.33045 0 0)
(2.33412 0 0)
(2.33779 0 0)
(2.34146 0 0)
(2.34513 0 0)
(2.3488 0 0)
(2.35247 0 0)
(2.35614 0 0)
(2.35981 0 0)
(2.36348 0 0)
(2.36715 0 0)
(2.37082 0 0)
(2.37449 0 0)
(2.37816 0 0)
(2.38183 0 0)
(2.3855 0 0)
(2.38917 0 0)
(2.39284 0 0)
(2.39651 0 0)
(2.40018 0 0)
(2.40385 0 0)
(2.40752 0 0)
(2.41119 0 0)
(2.41486 0 0)
(2.41853 0 0)
(2.4222 0 0)
(2.42587 0 0)
(2.42954 0 0)
(2.43321 0 0)
(2.43688 0 0)
(2.44055 0 0)
(2.44422 0 0)
(2.44789 0 0)
(2.45156 0 0)
(2.45523 0 0)
(2.4589 0 0)
(2.46257 0 0)
(2.46624 0 0)
(2.46991 0 0)
(2.47358 0 0)
(2.47725 0 0)
(2.48092 0 0)
(2.48459 0 0)
(2.48826 0 0)
(2.49193 0 0)
(2.4956 0 0)
(2.49927 0 0)
(2.50294 0 0)
(2.50661 0 0)
(2.51028 0 0)
(2.51395 0 0)
(2.51762 0 0)
(2.52129 0 0)
(2.52496 0 0)
(2.52863 0 0)
(2.5323 0 0)
(2.53597 0 0)
(2.53964 0 0)
(2.54331 0 0)
(2.54698 0 0)
(2.55065 0 0)
(2.55432 0 0)
(2.55799 0 0)
(2.56166 0 0)
(2.56533 0 0)
(2.569 0 0)
(2.57267 0 0)
(2.57634 0 0)
(2.58001 0 0)
(2.58368 0 0)
(2.58735 0 0)
(2.59102 0 0)
(2.59469 0 0)
(2.59836 0 0)
(2.60203 0 0)
(2.6057 0 0)
(2.60937 0 0)
(2.61304 0 0)
(2.61671 0 0)
(2.62038 0 0)
(2.62405 0 0)
(2.62772 0 0)
(2.63139 0 0)
(2.63506 0 0)
(2.63873 0 0)
(2.6424 0 0)
(2.64607 0 0)
(2.64974 0 0)
(2.65341 0 0)
(2.65708 0 0)
(2.66075 0 0)
(2.66442 0 0)
(2.66809 0 0)
(2.67176 0 0)
(2.67543 0 0)
(2.6791 0 0)
(2.68277 0 0)
(2.68644 0 0)
(2.69011 0 0)
(2.69378 0 0)
(2.69745 0 0)
(2.70112 0 0)
(2.70479 0 0)
(2.70846 0 0)
(2.71213 0 0)
(2.7158 0 0)
(2.71947 0 0)
(2.72314 0 0)
(2.72681 0 0)
(2.73048 0 0)
(2.73415 0 0)
(2.73782 0 0)
(2.74149 0 0)
(2.74516 0 0)
(2.74883 0 0)
(2.7525 0 0)
(2.75617 0 0)
(2.75984 0 0)
(2.76351 0 0)
(2.76718 0 0)
(2.77085 0 0)
(2.77452 0 0)
(2.77819 0 0)
(2.78186 0 0)
(2.78553 0 0)
(2.7892 0 0)
(2.79287 0 0)
(2.79654 0 0)
(2.80021 0 0)
(2.80388 0 0)
(2.80755 0 0)
(2.81122 0 0)
(2.81489 0 0)
(2.81856 0 0)
(2.82223 0 0)
(2.8259 0 0)
(2.82957 0 0)
(2.83324 0 0)
(2.83691 0 0)
(2.84058 0 0)
(2.84425 0 0)
(2.84792 0 0)
(2.85159 0 0)
(2.85526 0 0)
(2.85893 0 0)
(2.8626 0 0)
(2.86627 0 0)
(2.86994 0 0)
(2.87361 0 0)
(2.87728 0 0)
(2.88095 0 0)
(2.88462 0 0)
(2.88829 0 0)
(2.89196 0 0)
(2.89563 0 0)
(2.8993 0 0)
(2.90297 0 0)
(2.90664 0 0)
(2.91031 0 0)
(2.91398 0 0)
(2.91765 0 0)
(2.92132 0 0)
(2.92499 0 0)
(2.92866 0 0)
(2.93233 0 0)
(2.936 0 0)
(2.93967 0 0)
(2.94334 0 0)
(2.94701 0 0)
(2.95068 0 0)
(2.95435 0 0)
(2.95802 0 0)
(2.96169 0 0)
(2.96536 0 0)
(2.96903 0 0)
(2.9727 0 0)
(2.97637 0 0)
(2.98004 0 0)
(2.98371 0 0)
(2.98738 0 0)
(2.99105 0 0)
(2.99472 0 0)
(2.99839 0 0)
(3.00206 0 0)
(3.00573 0 0)
(3.0094 0 0)
(3.01307 0 0)
(3.01674 0 0)
(3.02041 0 0)
(3.02408 0 0)
(3.02775 0 0)
(3.03142 0 0)
(3.03509 0 0)
(3.03876 0 0)
(3.04243 0 0)
(3.0461 0 0)
(3.04977 0 0)
(3.05344 0 0)
(3.05711 0 0)
(3.06078 0 0)
(3.06445 0 0)
(3.06812 0 0)
(3.07179 0 0)
(3.07546 0 0)
(3.07913 0 0)
(3.0828 0 0)
(3.08647 0 0)
(3.09014 0 0)
(3.09381 0 0)
(3.09748 0 0)
(3.10115 0 0)
(3.10482 0 0)
(3.10849 0 0)
(3.11216 0 0)
(3.11583 0 0)
(3.1195 0 0)
(3.12317 0 0)
(3.12684 0 0)
(3.13051 0 0)
(3.13418 0 0)
(3.13785 0 0)
(3.14152 0 0)
(3.14519 0 0)
(3.14886 0 0)
(3.15253 0 0)
(3.1562 0 0)
(3.15987 0 0)
(3.16354 0 0)
(3.16721 0 0)
(3.17088 0 0)
(3.17455 0 0)
(3.17822 0 0)
(3.18189 0 0)
(3.18556 0 0)
(3.18923 0 0)
(3.1929 0 0)
(3.19657 0 0)
(3.20024 0 0)
(3.20391 0 0)
(3.20758 0 0)
(3.21125 0 0)
(3.21492 0 0)
(3.21859 0 0)
(3.22226 0 0)
(3.22593 0 0)
(3.2296 0 0)
(3.23327 0 0)
(3.23694 0 0)
(3.24061 0 0)
(3.24428 0 0)
(3.24795 0 0)
(3.25162 0 0)
(3.25529 0 0)
(3.25896 0 0)
(3.26263 0 0)
(3.2663 0 0)
(3.26997 0 0)
(3.27364 0 0)
(3.27731 0 0)
(3.28098 0 0)
(3.28465 0 0)
(3.28832 0 0)
(3.29199 0 0)
(3.29566 0 0)
(3.29933 0 0)
(3.303 0 0)
(3.30667 0 0)
(3.31034 0 0)
(3.31401 0 0)
(3.31768 0 0)
(3.32135 0 0)
(3.32502 0 0)
(3.32869 0 0)
(3.33236 0 0)
(3.33603 0 0)
(3.3397 0 0)
(3.34337 0 0)
(3.34704 0 0)
(3.35071 0 0)
(3.35438 0 0)
(3.35805 0 0)
(3.36172 0 0)
(3.36539 0 0)
(3.36906 0 0)
(3.37273 0 0)
(3.3764 0 0)
(3.38007 0 0)
(3.38374 0 0)
(3.38741 0 0)
(3.39108 0 0)
(3.39475 0 0)
(3.39842 0 0)
(3.40209 0 0)
(3.40576 0 0)
(3.40943 0 0)
(3.4131 0 0)
(3.41677 0 0)
(3.42044 0 0)
(3.42411 0 0)
(3.42778 0 0)
(3.43145 0 0)
(3.43512 0 0)
(3.43879 0 0)
(3.44246 0 0)
(3.44613 0 0)
(3.4498 0 0)
(3.45347 0 0)
(3.45714 0 0)
(3.46081 0 0)
(3.46448 0 0)
(3.46815 0 0)
(3.47182 0 0)
(3.47549 0 0)
(3.47916 0 0)
(3.48283 0 0)
(3.4865 0 0)
(3.49017 0 0)
(3.49384 0 0)
(3.49751 0 0)
(3.50118 0 0)
(3.50485 0 0)
(3.50852 0 0)
(3.51219 0 0)
(3.51586 0 0)
(3.51953 0 0)
(3.5232 0 0)
(3.52687 0 0)
(3.53054 0 0)
(3.53421 0 0)
(3.53788 0 0)
(3.54155 0 0)
(3.54522 0 0)
(3.54889 0 0)
(3.55256 0 0)
(3.55623 0 0)
(3.5599 0 0)
(3.56357 0 0)
(3.56724 0 0)
(3.57091 0 0)
(3.57458 0 0)
(3.57825 0 0)
(3.58192 0 0)
(3.58559 0 0)
(3.58926 0 0)
(3.59293 0 0)
(3.5966 0 0)
(3.60027 0 0)
(3.60394 0 0)
(3.60761 0 0)
(3.61128 0 0)
(3.61495 0 0)
(3.61862 0 0)
(3.62229 0 0)
(3.62596 0 0)
(3.62963 0 0)
(3.6333 0 0)
(3.63697 0 0)
(3.64064 0 0)
(3.64431 0 0)
(3.64798 0 0)
(3.65165 0 0)
(3.65532 0 0)
(3.65899 0 0)
(3.66266 0 0)
(3.66633 0 0)
(3.67 0 0)
(0 0.01 0)
(0.00367 0.01 0)
(0.00734 0.01 0)
(0.01101 0.01 0)
(0.01468 0.01 0)
(0.01835 0.01 0)
(0.02202 0.01 0)
(0.02569 0.01 0)
(0.02936 0.01 0)
(0.03303 0.01 0)
(0.0367 0.01 0)
(0.04037 0.01 0)
(0.04404 0.01 0)
(0.04771 0.01 0)
(0.05138 0.01 0)
(0.05505 0.01 0)
(0.05872 0.01 0)
(0.06239 0.01 0)
(0.06606 0.01 0)
(0.06973 0.01 0)
(0.0734 0.01 0)
(0.07707 0.01 0)
(0.08074 0.01 0)
(0.08441 0.01 0)
(0.08808 0.01 0)
(0.09175 0.01 0)
(0.09542 0.01 0)
(0.09909 0.01 0)
(0.10276 0.01 0)
(0.10643 0.01 0)
(0.1101 0.01 0)
(0.11377 0.01 0)
(0.11744 0.01 0)
(0.12111 0.01 0)
(0.12478 0.01 0)
(0.12845 0.01 0)
(0.13212 0.01 0)
(0.13579 0.01 0)
(0.13946 0.01 0)
(0.14313 0.01 0)
(0.1468 0.01 0)
(0.15047 0.01 0)
(0.15414 0.01 0)
(0.15781 0.01 0)
(0.16148 0.01 0)
(0.16515 0.01 0)
(0.16882 0.01 0)
(0.17249 0.01 0)
(0.17616 0.01 0)
(0.17983 0.01 0)
(0.1835 0.01 0)
(0.18717 0.01 0)
(0.19084 0.01 0)
(0.19451 0.01 0)
(0.19818 0.01 0)
(0.20185 0.01 0)
(0.20552 0.01 0)
(0.20919 0.01 0)
(0.21286 0.01 0)
(0.21653 0.01 0)
(0.2202 0.01 0)
(0.22387 0.01 0)
(0.22754 0.01 0)
(0.23121 0.01 0)
(0.23488 0.01 0)
(0.23855 0.01 0)
(0.24222 0.01 0)
(0.24589 0.01 0)
(0.24956 0.01 0)
(0.25323 0.01 0)
(0.2569 0.01 0)
(0.26057 0.01 0)
(0.26424 0.01 0)
(0.26791 0.01 0)
(0.27158 0.01 0)
(0.27525 0.01 0)
(0.27892 0.01 0)
(0.28259 0.01 0)
(0.28626 0.01 0)
(0.28993 0.01 0)
(0.2936 0.01 0)
(0.29727 0.01 0)
(0.30094 0.01 0)
(0.30461 0.01 0)
(0.30828 0.01 0)
(0.31195 0.01 0)
(0.31562 0.01 0)
(0.31929 0.01 0)
(0.32296 0.01 0)
(0.32663 0.01 0)
(0.3303 0.01 0)
(0.33397 0.01 0)
(0.33764 0.01 0)
(0.34131 0.01 0)
(0.34498 0.01 0)
(0.34865 0.01 0)
(0.35232 0.01 0)
(0.35599 0.01 0)
(0.35966 0.01 0)
(0.36333 0.01 0)
(0.367 0.01 0)
(0.37067 0.01 0)
(0.37434 0.01 0)
(0.37801 0.01 0)
(0.38168 0.01 0)
(0.38535 0.01 0)
(0.38902 0.01 0)
(0.39269 0.01 0)
(0.39636 0.01 0)
(0.40003 0.01 0)
(0.4037 0.01 0)
(0.40737 0.01 0)
(0.41104 0.01 0)
(0.41471 0.01 0)
(0.41838 0.01 0)
(0.42205 0.01 0)
(0.42572 0.01 0)
(0.42939 0.01 0)
(0.43306 0.01 0)
(0.43673 0.01 0)
(0.4404 0.01 0)
(0.44407 0.01 0)
(0.44774 0.01 0)
(0.45141 0.01 0)
(0.45508 0.01 0)
(0.45875 0.01 0)
(0.46242 0.01 0)
(0.46609 0.01 0)
(0.46976 0.01 0)
(0.47343 0.01 0)
(0.4771 0.01 0)
(0.48077 0.01 0)
(0.48444 0.01 0)
(0.48811 0.01 0)
(0.49178 0.01 0)
(0.49545 0.01 0)
(0.49912 0.01 0)
(0.50279 0.01 0)
(0.50646 0.01 0)
(0.51013 0.01 0)
(0.5138 0.01 0)
(0.51747 0.01 0)
(0.52114 0.01 0)
(0.52481 0.01 0)
(0.52848 0.01 0)
(0.53215 0.01 0)
(0.53582 0.01 0)
(0.53949 0.01 0)
(0.54316 0.01 0)
(0.54683 0.01 0)
(0.5505 0.01 0)
(0.55417 0.01 0)
(0.55784 0.01 0)
(0.56151 0.01 0)
(0.56518 0.01 0)
(0.56885 0.01 0)
(0.57252 0.01 0)
(0.57619 0.01 0)
(0.57986 0.01 0)
(0.58353 0.01 0)
(0.5872 0.01 0)
(0.59087 0.01 0)
(0.59454 0.01 0)
(0.59821 0.01 0)
(0.60188 0.01 0)
(0.60555 0.01 0)
(0.60922 0.01 0)
(0.61289 0.01 0)
(0.61656 0.01 0)
(0.62023 0.01 0)
(0.6239 0.01 0)
(0.62757 0.01 0)
(0.63124 0.01 0)
(0.63491 0.01 0)
(0.63858 0.01 0)
(0.64225 0.01 0)
(0.64592 0.01 0)
(0.64959 0.01 0)
(0.65326 0.01 0)
(0.65693 0.01 0)
(0.6606 0.01 0)
(0.66427 0.01 0)
(0.66794 0.01 0)
(0.67161 0.01 0)
(0.67528 0.01 0)
(0.67895 0.01 0)
(0.68262 0.01 0)
(0.68629 0.01 0)
(0.68996 0.01 0)
(0.69363 0.01 0)
(0.6973 0.01 0)
(0.70097 0.01 0)
(0.70464 0.01 0)
(0.70831 0.01 0)
(0.71198 0.01 0)
(0.71565 0.01 0)
(0.71932 0.01 0)
(0.72299 0.01 0)
(0.72666 0.01 0)
(0.73033 0.01 0)
(0.734 0.01 0)
(0.73767 0.01 0)
(0.74134 0.01 0)
(0.74501 0.01 0)
(0.74868 0.01 0)
(0.75235 0.01 0)
(0.75602 0.01 0)
(0.75969 0.01 0)
(0.76336 0.01 0)
(0.76703 0.01 0)
(0.7707 0.01 0)
(0.77437 0.01 0)
(0.77804 0.01 0)
(0.78171 0.01 0)
(0.78538 0.01 0)
(0.78905 0.01 0)
(0.79272 0.01 0)
(0.79639 0.01 0)
(0.80006 0.01 0)
(0.80373 0.01 0)
(0.8074 0.01 0)
(0.81107 0.01 0)
(0.81474 0.01 0)
(0.81841 0.01 0)
(0.82208 0.01 0)
(0.82575 0.01 0)
(0.82942 0.01 0)
(0.83309 0.01 0)
(0.83676 0.01 0)
(0.84043 0.01 0)
(0.8441 0.01 0)
(0.84777 0.01 0)
(0.85144 0.01 0)
(0.85511 0.01 0)
(0.85878 0.01 0)
(0.86245 0.01 0)
(0.86612 0.01 0)
(0.86979 0.01 0)
(0.87346 0.01 0)
(0.87713 0.01 0)
(0.8808 0.01 0)
(0.88447 0.01 0)
(0.88814 0.01 0)
(0.89181 0.01 0)
(0.89548 0.01 0)
(0.89915 0.01 0)
(0.90282 0.01 0)
(0.90649 0.01 0)
(0.91016 0.01 0)
(0.91383 0.01 0)
(0.9175 0.01 0)
(0.92117 0.01 0)
(0.92484 0.01 0)
(0.92851 0.01 0)
(0.93218 0.01 0)
(0.93585 0.01 0)
(0.93952 0.01 0)
(0.94319 0.01 0)
(0.94686 0.01 0)
(0.95053 0.01 0)
(0.9542 0.01 0)
(0.95787 0.01 0)
(0.96154 0.01 0)
(0.96521 0.01 0)
(0.96888 0.01 0)
(0.97255 0.01 0)
(0.97622 0.01 0)
(0.97989 0.01 0)
(0.98356 0.01 0)
(0.98723 0.01 0)
(0.9909 0.01 0)
(0.99457 0.01 0)
(0.99824 0.01 0)
(1.00191 0.01 0)
(1.00558 0.01 0)
(1.00925 0.01 0)
(1.01292 0.01 0)
(1.01659 0.01 0)
(1.02026 0.01 0)
(1.02393 0.01 0)
(1.0276 0.01 0)
(1.03127 0.01 0)
(1.03494 0.01 0)
(1.03861 0.01 0)
(1.04228 0.01 0)
(1.04595 0.01 0)
(1.04962 0.01 0)
(1.05329 0.01 0)
(1.05696 0.01 0)
(1.06063 0.01 0)
(1.0643 0.01 0)
(1.06797 0.01 0)
(1.07164 0.01 0)
(1.07531 0.01 0)
(1.07898 0.01 0)
(1.08265 0.01 0)
(1.08632 0.01 0)
(1.08999 0.01 0)
(1.09366 0.01 0)
(1.09733 0.01 0)
(1.101 0.01 0)
(1.10467 0.01 0)
(1.10834 0.01 0)
(1.11201 0.01 0)
(1.11568 0.01 0)
(1.11935 0.01 0)
(1.12302 0.01 0)
(1.12669 0.01 0)
(1.13036 0.01 0)
(1.13403 0.01 0)
(1.1377 0.01 0)
(1.14137 0.01 0)
(1.14504 0.01 0)
(1.14871 0.01 0)
(1.15238 0.01 0)
(1.15605 0.01 0)
(1.15972 0.01 0)
(1.16339 0.01 0)
(1.16706 0.01 0)
(1.17073 0.01 0)
(1.1744 0.01 0)
(1.17807 0.01 0)
(1.18174 0.01 0)
(1.18541 0.01 0)
(1.18908 0.01 0)
(1.19275 0.01 0)
(1.19642 0.01 0)
(1.20009 0.01 0)
(1.20376 0.01 0)
(1.20743 0.01 0)
(1.2111 0.01 0)
(1.21477 0.01 0)
(1.21844 0.01 0)
(1.22211 0.01 0)
(1.22578 0.01 0)
(1.22945 0.01 0)
(1.23312 0.01 0)
(1.23679 0.01 0)
(1.24046 0.01 0)
(1.24413 0.01 0)
(1.2478 0.01 0)
(1.25147 0.01 0)
(1.25514 0.01 0)
(1.25881 0.01 0)
(1.26248 0.01 0)
(1.26615 0.01 0)
(1.26982 0.01 0)
(1.27349 0.01 0)
(1.27716 0.01 0)
(1.28083 0.01 0)
(1.2845 0.01 0)
(1.28817 0.01 0)
(1.29184 0.01 0)
(1.29551 0.01 0)
(1.29918 0.01 0)
(1.30285 0.01 0)
(1.30652 0.01 0)
(1.31019 0.01 0)
(1.31386 0.01 0)
(1.31753 0.01 0)
(1.3212 0.01 0)
(1.32487 0.01 0)
(1.32854 0.01 0)
(1.33221 0.01 0)
(1.33588 0.01 0)
(1.33955 0.01 0)
(1.34322 0.01 0)
(1.34689 0.01 0)
(1.35056 0.01 0)
(1.35423 0.01 0)
(1.3579 0.01 0)
(1.36157 0.01 0)
(1.36524 0.01 0)
(1.36891 0.01 0)
(1.37258 0.01 0)
(1.37625 0.01 0)
(1.37992 0.01 0)
(1.38359 0.01 0)
(1.38726 0.01 0)
(1.39093 0.01 0)
(1.3946 0.01 0)
(1.39827 0.01 0)
(1.40194 0.01 0)
(1.40561 0.01 0)
(1.40928 0.01 0)
(1.41295 0.01 0)
(1.41662 0.01 0)
(1.42029 0.01 0)
(1.42396 0.01 0)
(1.42763 0.01 0)
(1.4313 0.01 0)
(1.43497 0.01 0)
(1.43864 0.01 0)
(1.44231 0.01 0)
(1.44598 0.01 0)
(1.44965 0.01 0)
(1.45332 0.01 0)
(1.45699 0.01 0)
(1.46066 0.01 0)
(1.46433 0.01 0)
(1.468 0.01 0)
(1.47167 0.01 0)
(1.47534 0.01 0)
(1.47901 0.01 0)
(1.48268 0.01 0)
(1.48635 0.01 0)
(1.49002 0.01 0)
(1.49369 0.01 0)
(1.49736 0.01 0)
(1.50103 0.01 0)
(1.5047 0.01 0)
(1.50837 0.01 0)
(1.51204 0.01 0)
(1.51571 0.01 0)
(1.51938 0.01 0)
(1.52305 0.01 0)
(1.52672 0.01 0)
(1.53039 0.01 0)
(1.53406 0.01 0)
(1.53773 0.01 0)
(1.5414 0.01 0)
(1.54507 0.01 0)
(1.54874 0.01 0)
(1.55241 0.01 0)
(1.55608 0.01 0)
(1.55975 0.01 0)
(1.56342 0.01 0)
(1.56709 0.01 0)
(1.57076 0.01 0)
(1.57443 0.01 0)
(1.5781 0.01 0)
(1.58177 0.01 0)
(1.58544 0.01 0)
(1.58911 0.01 0)
(1.59278 0.01 0)
(1.59645 0.01 0)
(1.60012 0.01 0)
(1.60379 0.01 0)
(1.60746 0.01 0)
(1.61113 0.01 0)
(1.6148 0.01 0)
(1.61847 0.01 0)
(1.62214 0.01 0)
(1.62581 0.01 0)
(1.62948 0.01 0)
(1.63315 0.01 0)
(1.63682 0.01 0)
(1.64049 0.01 0)
(1.64416 0.01 0)
(1.64783 0.01 0)
(1.6515 0.01 0)
(1.65517 0.01 0)
(1.65884 0.01 0)
(1.66251 0.01 0)
(1.66618 0.01 0)
(1.66985 0.01 0)
(1.67352 0.01 0)
(1.67719 0.01 0)
(1.68086 0.01 0)
(1.68453 0.01 0)
(1.6882 0.01 0)
(1.69187 0.01 0)
(1.69554 0.01 0)
(1.69921 0.01 0)
(1.70288 0.01 0)
(1.70655 0.01 0)
(1.71022 0.01 0)
(1.71389 0.01 0)
(1.71756 0.01 0)
(1.72123 0.01 0)
(1.7249 0.01 0)
(1.72857 0.01 0)
(1.73224 0.01 0)
(1.73591 0.01 0)
(1.73958 0.01 0)
(1.74325 0.01 0)
(1.74692 0.01 0)
(1.75059 0.01 0)
(1.75426 0.01 0)
(1.75793 0.01 0)
(1.7616 0.01 0)
(1.76527 0.01 0)
(1.76894 0.01 0)
(1.77261 0.01 0)
(1.77628 0.01 0)
(1.77995 0.01 0)
(1.78362 0.01 0)
(1.78729 0.01 0)
(1.79096 0.01 0)
(1.79463 0.01 0)
(1.7983 0.01 0)
(1.80197 0.01 0)
(1.80564 0.01 0)
(1.80931 0.01 0)
(1.81298 0.01 0)
(1.81665 0.01 0)
(1.82032 0.01 0)
(1.82399 0.01 0)
(1.82766 0.01 0)
(1.83133 0.01 0)
(1.835 0.01 0)
(1.83867 0.01 0)
(1.84234 0.01 0)
(1.84601 0.01 0)
(1.84968 0.01 0)
(1.85335 0.01 0)
(1.85702 0.01 0)
(1.86069 0.01 0)
(1.86436 0.01 0)
(1.86803 0.01 0)
(1.8717 0.01 0)
(1.87537 0.01 0)
(1.87904 0.01 0)
(1.88271 0.01 0)
(1.88638 0.01 0)
(1.89005 0.01 0)
(1.89372 0.01 0)
(1.89739 0.01 0)
(1.90106 0.01 0)
(1.90473 0.01 0)
(1.9084 0.01 0)
(1.91207 0.01 0)
(1.91574 0.01 0)
(1.91941 0.01 0)
(1.92308 0.01 0)
(1.92675 0.01 0)
(1.93042 0.01 0)
(1.93409 0.01 0)
(1.93776 0.01 0)
(1.94143 0.01 0)
(1.9451 0.01 0)
(1.94877 0.01 0)
(1.95244 0.01 0)
(1.95611 0.01 0)
(1.95978 0.01 0)
(1.96345 0.01 0)
(1.96712 0.01 0)
(1.97079 0.01 0)
(1.97446 0.01 0)
(1.97813 0.01 0)
(1.9818 0.01 0)
(1.98547 0.01 0)
(1.98914 0.01 0)
(1.99281 0.01 0)
(1.99648 0.01 0)
(2.00015 0.01 0)
(2.00382 0.01 0)
(2.00749 0.01 0)
(2.01116 0.01 0)
(2.01483 0.01 0)
(2.0185 0.01 0)
(2.02217 0.01 0)
(2.02584 0.01 0)
(2.02951 0.01 0)
(2.03318 0.01 0)
(2.03685 0.01 0)
(2.04052 0.01 0)
(2.04419 0.01 0)
(2.04786 0.01 0)
(2.05153 0.01 0)
(2.0552 0.01 0)
(2.05887 0.01 0)
(2.06254 0.01 0)
(2.06621 0.01 0)
(2.06988 0.01 0)
(2.07355 0.01 0)
(2.07722 0.01 0)
(2.08089 0.01 0)
(2.08456 0.01 0)
(2.08823 0.01 0)
(2.0919 0.01 0)
(2.09557 0.01 0)
(2.09924 0.01 0)
(2.10291 0.01 0)
(2.10658 0.01 0)
(2.11025 0.01 0)
(2.11392 0.01 0)
(2.11759 0.01 0)
(2.12126 0.01 0)
(2.12493 0.01 0)
(2.1286 0.01 0)
(2.13227 0.01 0)
(2.13594 0.01 0)
(2.13961 0.01 0)
(2.14328 0.01 0)
(2.14695 0.01 0)
(2.15062 0.01 0)
(2.15429 0.01 0)
(2.15796 0.01 0)
(2.16163 0.01 0)
(2.1653 0.01 0)
(2.16897 0.01 0)
(2.17264 0.01 0)
(2.17631 0.01 0)
(2.17998 0.01 0)
(2.18365 0.01 0)
(2.18732 0.01 0)
(2.19099 0.01 0)
(2.19466 0.01 0)
(2.19833 0.01 0)
(2.202 0.01 0)
(2.20567 0.01 0)
(2.20934 0.01 0)
(2.21301 0.01 0)
(2.21668 0.01 0)
(2.22035 0.01 0)
(2.22402 0.01 0)
(2.22769 0.01 0)
(2.23136 0.01 0)
(2.23503 0.01 0)
(2.2387 0.01 0)
(2.24237 0.01 0)
(2.24604 0.01 0)
(2.24971 0.01 0)
(2.25338 0.01 0)
(2.25705 0.01 0)
(2.26072 0.01 0)
(2.26439 0.01 0)
(2.26806 0.01 0)
(2.27173 0.01 0)
(2.2754 0.01 0)
(2.27907 0.01 0)
(2.28274 0.01 0)
(2.28641 0.01 0)
(2.29008 0.01 0)
(2.29375 0.01 0)
(2.29742 0.01 0)
(2.30109 0.01 0)
(2.30476 0.01 0)
(2.30843 0.01 0)
(2.3121 0.01 0)
(2.31577 0.01 0)
(2.31944 0.01 0)
(2.32311 0.01 0)
(2.32678 0.01 0)
(2.33045 0.01 0)
(2.33412 0.01 0)
(2.33779 0.01 0)
(2.34146 0.01 0)
(2.34513 0.01 0)
(2.3488 0.01 0)
(2.35247 0.01 0)
(2.35614 0.01 0)
(2.35981 0.01 0)
(2.36348 0.01 0)
(2.36715 0.01 0)
(2.37082 0.01 0)
(2.37449 0.01 0)
(2.37816 0.01 0)
(2.38183 0.01 0)
(2.3855 0.01 0)
(2.38917 0.01 0)
(2.39284 0.01 0)
(2.39651 0.01 0)
(2.40018 0.01 0)
(2.40385 0.01 0)
(2.40752 0.01 0)
(2.41119 0.01 0)
(2.41486 0.01 0)
(2.41853 0.01 0)
(2.4222 0.01 0)
(2.42587 0.01 0)
(2.42954 0.01 0)
(2.43321 0.01 0)
(2.43688 0.01 0)
(2.44055 0.01 0)
(2.44422 0.01 0)
(2.44789 0.01 0)
(2.45156 0.01 0)
(2.45523 0.01 0)
(2.4589 0.01 0)
(2.46257 0.01 0)
(2.46624 0.01 0)
(2.46991 0.01 0)
(2.47358 0.01 0)
(2.47725 0.01 0)
(2.48092 0.01 0)
(2.48459 0.01 0)
(2.48826 0.01 0)
(2.49193 0.01 0)
(2.4956 0.01 0)
(2.49927 0.01 0)
(2.50294 0.01 0)
(2.50661 0.01 0)
(2.51028 0.01 0)
(2.51395 0.01 0)
(2.51762 0.01 0)
(2.52129 0.01 0)
(2.52496 0.01 0)
(2.52863 0.01 0)
(2.5323 0.01 0)
(2.53597 0.01 0)
(2.53964 0.01 0)
(2.54331 0.01 0)
(2.54698 0.01 0)
(2.55065 0.01 0)
(2.55432 0.01 0)
(2.55799 0.01 0)
(2.56166 0.01 0)
(2.56533 0.01 0)
(2.569 0.01 0)
(2.57267 0.01 0)
(2.57634 0.01 0)
(2.58001 0.01 0)
(2.58368 0.01 0)
(2.58735 0.01 0)
(2.59102 0.01 0)
(2.59469 0.01 0)
(2.59836 0.01 0)
(2.60203 0.01 0)
(2.6057 0.01 0)
(2.60937 0.01 0)
(2.61304 0.01 0)
(2.61671 0.01 0)
(2.62038 0.01 0)
(2.62405 0.01 0)
(2.62772 0.01 0)
(2.63139 0.01 0)
(2.63506 0.01 0)
(2.63873 0.01 0)
(2.6424 0.01 0)
(2.64607 0.01 0)
(2.64974 0.01 0)
(2.65341 0.01 0)
(2.65708 0.01 0)
(2.66075 0.01 0)
(2.66442 0.01 0)
(2.66809 0.01 0)
(2.67176 0.01 0)
(2.67543 0.01 0)
(2.6791 0.01 0)
(2.68277 0.01 0)
(2.68644 0.01 0)
(2.69011 0.01 0)
(2.69378 0.01 0)
(2.69745 0.01 0)
(2.70112 0.01 0)
(2.70479 0.01 0)
(2.70846 0.01 0)
(2.71213 0.01 0)
(2.7158 0.01 0)
(2.71947 0.01 0)
(2.72314 0.01 0)
(2.72681 0.01 0)
(2.73048 0.01 0)
(2.73415 0.01 0)
(2.73782 0.01 0)
(2.74149 0.01 0)
(2.74516 0.01 0)
(2.74883 0.01 0)
(2.7525 0.01 0)
(2.75617 0.01 0)
(2.75984 0.01 0)
(2.76351 0.01 0)
(2.76718 0.01 0)
(2.77085 0.01 0)
(2.77452 0.01 0)
(2.77819 0.01 0)
(2.78186 0.01 0)
(2.78553 0.01 0)
(2.7892 0.01 0)
(2.79287 0.01 0)
(2.79654 0.01 0)
(2.80021 0.01 0)
(2.80388 0.01 0)
(2.80755 0.01 0)
(2.81122 0.01 0)
(2.81489 0.01 0)
(2.81856 0.01 0)
(2.82223 0.01 0)
(2.8259 0.01 0)
(2.82957 0.01 0)
(2.83324 0.01 0)
(2.83691 0.01 0)
(2.84058 0.01 0)
(2.84425 0.01 0)
(2.84792 0.01 0)
(2.85159 0.01 0)
(2.85526 0.01 0)
(2.85893 0.01 0)
(2.8626 0.01 0)
(2.86627 0.01 0)
(2.86994 0.01 0)
(2.87361 0.01 0)
(2.87728 0.01 0)
(2.88095 0.01 0)
(2.88462 0.01 0)
(2.88829 0.01 0)
(2.89196 0.01 0)
(2.89563 0.01 0)
(2.8993 0.01 0)
(2.90297 0.01 0)
(2.90664 0.01 0)
(2.91031 0.01 0)
(2.91398 0.01 0)
(2.91765 0.01 0)
(2.92132 0.01 0)
(2.92499 0.01 0)
(2.92866 0.01 0)
(2.93233 0.01 0)
(2.936 0.01 0)
(2.93967 0.01 0)
(2.94334 0.01 0)
(2.94701 0.01 0)
(2.95068 0.01 0)
(2.95435 0.01 0)
(2.95802 0.01 0)
(2.96169 0.01 0)
(2.96536 0.01 0)
(2.96903 0.01 0)
(2.9727 0.01 0)
(2.97637 0.01 0)
(2.98004 0.01 0)
(2.98371 0.01 0)
(2.98738 0.01 0)
(2.99105 0.01 0)
(2.99472 0.01 0)
(2.99839 0.01 0)
(3.00206 0.01 0)
(3.00573 0.01 0)
(3.0094 0.01 0)
(3.01307 0.01 0)
(3.01674 0.01 0)
(3.02041 0.01 0)
(3.02408 0.01 0)
(3.02775 0.01 0)
(3.03142 0.01 0)
(3.03509 0.01 0)
(3.03876 0.01 0)
(3.04243 0.01 0)
(3.0461 0.01 0)
(3.04977 0.01 0)
(3.05344 0.01 0)
(3.05711 0.01 0)
(3.06078 0.01 0)
(3.06445 0.01 0)
(3.06812 0.01 0)
(3.07179 0.01 0)
(3.07546 0.01 0)
(3.07913 0.01 0)
(3.0828 0.01 0)
(3.08647 0.01 0)
(3.09014 0.01 0)
(3.09381 0.01 0)
(3.09748 0.01 0)
(3.10115 0.01 0)
(3.10482 0.01 0)
(3.10849 0.01 0)
(3.11216 0.01 0)
(3.11583 0.01 0)
(3.1195 0.01 0)
(3.12317 0.01 0)
(3.12684 0.01 0)
(3.13051 0.01 0)
(3.13418 0.01 0)
(3.13785 0.01 0)
(3.14152 0.01 0)
(3.14519 0.01 0)
(3.14886 0.01 0)
(3.15253 0.01 0)
(3.1562 0.01 0)
(3.15987 0.01 0)
(3.16354 0.01 0)
(3.16721 0.01 0)
(3.17088 0.01 0)
(3.17455 0.01 0)
(3.17822 0.01 0)
(3.18189 0.01 0)
(3.18556 0.01 0)
(3.18923 0.01 0)
(3.1929 0.01 0)
(3.19657 0.01 0)
(3.20024 0.01 0)
(3.20391 0.01 0)
(3.20758 0.01 0)
(3.21125 0.01 0)
(3.21492 0.01 0)
(3.21859 0.01 0)
(3.22226 0.01 0)
(3.22593 0.01 0)
(3.2296 0.01 0)
(3.23327 0.01 0)
(3.23694 0.01 0)
(3.24061 0.01 0)
(3.24428 0.01 0)
(3.24795 0.01 0)
(3.25162 0.01 0)
(3.25529 0.01 0)
(3.25896 0.01 0)
(3.26263 0.01 0)
(3.2663 0.01 0)
(3.26997 0.01 0)
(3.27364 0.01 0)
(3.27731 0.01 0)
(3.28098 0.01 0)
(3.28465 0.01 0)
(3.28832 0.01 0)
(3.29199 0.01 0)
(3.29566 0.01 0)
(3.29933 0.01 0)
(3.303 0.01 0)
(3.30667 0.01 0)
(3.31034 0.01 0)
(3.31401 0.01 0)
(3.31768 0.01 0)
(3.32135 0.01 0)
(3.32502 0.01 0)
(3.32869 0.01 0)
(3.33236 0.01 0)
(3.33603 0.01 0)
(3.3397 0.01 0)
(3.34337 0.01 0)
(3.34704 0.01 0)
(3.35071 0.01 0)
(3.35438 0.01 0)
(3.35805 0.01 0)
(3.36172 0.01 0)
(3.36539 0.01 0)
(3.36906 0.01 0)
(3.37273 0.01 0)
(3.3764 0.01 0)
(3.38007 0.01 0)
(3.38374 0.01 0)
(3.38741 0.01 0)
(3.39108 0.01 0)
(3.39475 0.01 0)
(3.39842 0.01 0)
(3.40209 0.01 0)
(3.40576 0.01 0)
(3.40943 0.01 0)
(3.4131 0.01 0)
(3.41677 0.01 0)
(3.42044 0.01 0)
(3.42411 0.01 0)
(3.42778 0.01 0)
(3.43145 0.01 0)
(3.43512 0.01 0)
(3.43879 0.01 0)
(3.44246 0.01 0)
(3.44613 0.01 0)
(3.4498 0.01 0)
(3.45347 0.01 0)
(3.45714 0.01 0)
(3.46081 0.01 0)
(3.46448 0.01 0)
(3.46815 0.01 0)
(3.47182 0.01 0)
(3.47549 0.01 0)
(3.47916 0.01 0)
(3.48283 0.01 0)
(3.4865 0.01 0)
(3.49017 0.01 0)
(3.49384 0.01 0)
(3.49751 0.01 0)
(3.50118 0.01 0)
(3.50485 0.01 0)
(3.50852 0.01 0)
(3.51219 0.01 0)
(3.51586 0.01 0)
(3.51953 0.01 0)
(3.5232 0.01 0)
(3.52687 0.01 0)
(3.53054 0.01 0)
(3.53421 0.01 0)
(3.53788 0.01 0)
(3.54155 0.01 0)
(3.54522 0.01 0)
(3.54889 0.01 0)
(3.55256 0.01 0)
(3.55623 0.01 0)
(3.5599 0.01 0)
(3.56357 0.01 0)
(3.56724 0.01 0)
(3.57091 0.01 0)
(3.57458 0.01 0)
(3.57825 0.01 0)
(3.58192 0.01 0)
(3.58559 0.01 0)
(3.58926 0.01 0)
(3.59293 0.01 0)
(3.5966 0.01 0)
(3.60027 0.01 0)
(3.60394 0.01 0)
(3.60761 0.01 0)
(3.61128 0.01 0)
(3.61495 0.01 0)
(3.61862 0.01 0)
(3.62229 0.01 0)
(3.62596 0.01 0)
(3.62963 0.01 0)
(3.6333 0.01 0)
(3.63697 0.01 0)
(3.64064 0.01 0)
(3.64431 0.01 0)
(3.64798 0.01 0)
(3.65165 0.01 0)
(3.65532 0.01 0)
(3.65899 0.01 0)
(3.66266 0.01 0)
(3.66633 0.01 0)
(3.67 0.01 0)
(0 0 0.01)
(0.00367 0 0.01)
(0.00734 0 0.01)
(0.01101 0 0.01)
(0.01468 0 0.01)
(0.01835 0 0.01)
(0.02202 0 0.01)
(0.02569 0 0.01)
(0.02936 0 0.01)
(0.03303 0 0.01)
(0.0367 0 0.01)
(0.04037 0 0.01)
(0.04404 0 0.01)
(0.04771 0 0.01)
(0.05138 0 0.01)
(0.05505 0 0.01)
(0.05872 0 0.01)
(0.06239 0 0.01)
(0.06606 0 0.01)
(0.06973 0 0.01)
(0.0734 0 0.01)
(0.07707 0 0.01)
(0.08074 0 0.01)
(0.08441 0 0.01)
(0.08808 0 0.01)
(0.09175 0 0.01)
(0.09542 0 0.01)
(0.09909 0 0.01)
(0.10276 0 0.01)
(0.10643 0 0.01)
(0.1101 0 0.01)
(0.11377 0 0.01)
(0.11744 0 0.01)
(0.12111 0 0.01)
(0.12478 0 0.01)
(0.12845 0 0.01)
(0.13212 0 0.01)
(0.13579 0 0.01)
(0.13946 0 0.01)
(0.14313 0 0.01)
(0.1468 0 0.01)
(0.15047 0 0.01)
(0.15414 0 0.01)
(0.15781 0 0.01)
(0.16148 0 0.01)
(0.16515 0 0.01)
(0.16882 0 0.01)
(0.17249 0 0.01)
(0.17616 0 0.01)
(0.17983 0 0.01)
(0.1835 0 0.01)
(0.18717 0 0.01)
(0.19084 0 0.01)
(0.19451 0 0.01)
(0.19818 0 0.01)
(0.20185 0 0.01)
(0.20552 0 0.01)
(0.20919 0 0.01)
(0.21286 0 0.01)
(0.21653 0 0.01)
(0.2202 0 0.01)
(0.22387 0 0.01)
(0.22754 0 0.01)
(0.23121 0 0.01)
(0.23488 0 0.01)
(0.23855 0 0.01)
(0.24222 0 0.01)
(0.24589 0 0.01)
(0.24956 0 0.01)
(0.25323 0 0.01)
(0.2569 0 0.01)
(0.26057 0 0.01)
(0.26424 0 0.01)
(0.26791 0 0.01)
(0.27158 0 0.01)
(0.27525 0 0.01)
(0.27892 0 0.01)
(0.28259 0 0.01)
(0.28626 0 0.01)
(0.28993 0 0.01)
(0.2936 0 0.01)
(0.29727 0 0.01)
(0.30094 0 0.01)
(0.30461 0 0.01)
(0.30828 0 0.01)
(0.31195 0 0.01)
(0.31562 0 0.01)
(0.31929 0 0.01)
(0.32296 0 0.01)
(0.32663 0 0.01)
(0.3303 0 0.01)
(0.33397 0 0.01)
(0.33764 0 0.01)
(0.34131 0 0.01)
(0.34498 0 0.01)
(0.34865 0 0.01)
(0.35232 0 0.01)
(0.35599 0 0.01)
(0.35966 0 0.01)
(0.36333 0 0.01)
(0.367 0 0.01)
(0.37067 0 0.01)
(0.37434 0 0.01)
(0.37801 0 0.01)
(0.38168 0 0.01)
(0.38535 0 0.01)
(0.38902 0 0.01)
(0.39269 0 0.01)
(0.39636 0 0.01)
(0.40003 0 0.01)
(0.4037 0 0.01)
(0.40737 0 0.01)
(0.41104 0 0.01)
(0.41471 0 0.01)
(0.41838 0 0.01)
(0.42205 0 0.01)
(0.42572 0 0.01)
(0.42939 0 0.01)
(0.43306 0 0.01)
(0.43673 0 0.01)
(0.4404 0 0.01)
(0.44407 0 0.01)
(0.44774 0 0.01)
(0.45141 0 0.01)
(0.45508 0 0.01)
(0.45875 0 0.01)
(0.46242 0 0.01)
(0.46609 0 0.01)
(0.46976 0 0.01)
(0.47343 0 0.01)
(0.4771 0 0.01)
(0.48077 0 0.01)
(0.48444 0 0.01)
(0.48811 0 0.01)
(0.49178 0 0.01)
(0.49545 0 0.01)
(0.49912 0 0.01)
(0.50279 0 0.01)
(0.50646 0 0.01)
(0.51013 0 0.01)
(0.5138 0 0.01)
(0.51747 0 0.01)
(0.52114 0 0.01)
(0.52481 0 0.01)
(0.52848 0 0.01)
(0.53215 0 0.01)
(0.53582 0 0.01)
(0.53949 0 0.01)
(0.54316 0 0.01)
(0.54683 0 0.01)
(0.5505 0 0.01)
(0.55417 0 0.01)
(0.55784 0 0.01)
(0.56151 0 0.01)
(0.56518 0 0.01)
(0.56885 0 0.01)
(0.57252 0 0.01)
(0.57619 0 0.01)
(0.57986 0 0.01)
(0.58353 0 0.01)
(0.5872 0 0.01)
(0.59087 0 0.01)
(0.59454 0 0.01)
(0.59821 0 0.01)
(0.60188 0 0.01)
(0.60555 0 0.01)
(0.60922 0 0.01)
(0.61289 0 0.01)
(0.61656 0 0.01)
(0.62023 0 0.01)
(0.6239 0 0.01)
(0.62757 0 0.01)
(0.63124 0 0.01)
(0.63491 0 0.01)
(0.63858 0 0.01)
(0.64225 0 0.01)
(0.64592 0 0.01)
(0.64959 0 0.01)
(0.65326 0 0.01)
(0.65693 0 0.01)
(0.6606 0 0.01)
(0.66427 0 0.01)
(0.66794 0 0.01)
(0.67161 0 0.01)
(0.67528 0 0.01)
(0.67895 0 0.01)
(0.68262 0 0.01)
(0.68629 0 0.01)
(0.68996 0 0.01)
(0.69363 0 0.01)
(0.6973 0 0.01)
(0.70097 0 0.01)
(0.70464 0 0.01)
(0.70831 0 0.01)
(0.71198 0 0.01)
(0.71565 0 0.01)
(0.71932 0 0.01)
(0.72299 0 0.01)
(0.72666 0 0.01)
(0.73033 0 0.01)
(0.734 0 0.01)
(0.73767 0 0.01)
(0.74134 0 0.01)
(0.74501 0 0.01)
(0.74868 0 0.01)
(0.75235 0 0.01)
(0.75602 0 0.01)
(0.75969 0 0.01)
(0.76336 0 0.01)
(0.76703 0 0.01)
(0.7707 0 0.01)
(0.77437 0 0.01)
(0.77804 0 0.01)
(0.78171 0 0.01)
(0.78538 0 0.01)
(0.78905 0 0.01)
(0.79272 0 0.01)
(0.79639 0 0.01)
(0.80006 0 0.01)
(0.80373 0 0.01)
(0.8074 0 0.01)
(0.81107 0 0.01)
(0.81474 0 0.01)
(0.81841 0 0.01)
(0.82208 0 0.01)
(0.82575 0 0.01)
(0.82942 0 0.01)
(0.83309 0 0.01)
(0.83676 0 0.01)
(0.84043 0 0.01)
(0.8441 0 0.01)
(0.84777 0 0.01)
(0.85144 0 0.01)
(0.85511 0 0.01)
(0.85878 0 0.01)
(0.86245 0 0.01)
(0.86612 0 0.01)
(0.86979 0 0.01)
(0.87346 0 0.01)
(0.87713 0 0.01)
(0.8808 0 0.01)
(0.88447 0 0.01)
(0.88814 0 0.01)
(0.89181 0 0.01)
(0.89548 0 0.01)
(0.89915 0 0.01)
(0.90282 0 0.01)
(0.90649 0 0.01)
(0.91016 0 0.01)
(0.91383 0 0.01)
(0.9175 0 0.01)
(0.92117 0 0.01)
(0.92484 0 0.01)
(0.92851 0 0.01)
(0.93218 0 0.01)
(0.93585 0 0.01)
(0.93952 0 0.01)
(0.94319 0 0.01)
(0.94686 0 0.01)
(0.95053 0 0.01)
(0.9542 0 0.01)
(0.95787 0 0.01)
(0.96154 0 0.01)
(0.96521 0 0.01)
(0.96888 0 0.01)
(0.97255 0 0.01)
(0.97622 0 0.01)
(0.97989 0 0.01)
(0.98356 0 0.01)
(0.98723 0 0.01)
(0.9909 0 0.01)
(0.99457 0 0.01)
(0.99824 0 0.01)
(1.00191 0 0.01)
(1.00558 0 0.01)
(1.00925 0 0.01)
(1.01292 0 0.01)
(1.01659 0 0.01)
(1.02026 0 0.01)
(1.02393 0 0.01)
(1.0276 0 0.01)
(1.03127 0 0.01)
(1.03494 0 0.01)
(1.03861 0 0.01)
(1.04228 0 0.01)
(1.04595 0 0.01)
(1.04962 0 0.01)
(1.05329 0 0.01)
(1.05696 0 0.01)
(1.06063 0 0.01)
(1.0643 0 0.01)
(1.06797 0 0.01)
(1.07164 0 0.01)
(1.07531 0 0.01)
(1.07898 0 0.01)
(1.08265 0 0.01)
(1.08632 0 0.01)
(1.08999 0 0.01)
(1.09366 0 0.01)
(1.09733 0 0.01)
(1.101 0 0.01)
(1.10467 0 0.01)
(1.10834 0 0.01)
(1.11201 0 0.01)
(1.11568 0 0.01)
(1.11935 0 0.01)
(1.12302 0 0.01)
(1.12669 0 0.01)
(1.13036 0 0.01)
(1.13403 0 0.01)
(1.1377 0 0.01)
(1.14137 0 0.01)
(1.14504 0 0.01)
(1.14871 0 0.01)
(1.15238 0 0.01)
(1.15605 0 0.01)
(1.15972 0 0.01)
(1.16339 0 0.01)
(1.16706 0 0.01)
(1.17073 0 0.01)
(1.1744 0 0.01)
(1.17807 0 0.01)
(1.18174 0 0.01)
(1.18541 0 0.01)
(1.18908 0 0.01)
(1.19275 0 0.01)
(1.19642 0 0.01)
(1.20009 0 0.01)
(1.20376 0 0.01)
(1.20743 0 0.01)
(1.2111 0 0.01)
(1.21477 0 0.01)
(1.21844 0 0.01)
(1.22211 0 0.01)
(1.22578 0 0.01)
(1.22945 0 0.01)
(1.23312 0 0.01)
(1.23679 0 0.01)
(1.24046 0 0.01)
(1.24413 0 0.01)
(1.2478 0 0.01)
(1.25147 0 0.01)
(1.25514 0 0.01)
(1.25881 0 0.01)
(1.26248 0 0.01)
(1.26615 0 0.01)
(1.26982 0 0.01)
(1.27349 0 0.01)
(1.27716 0 0.01)
(1.28083 0 0.01)
(1.2845 0 0.01)
(1.28817 0 0.01)
(1.29184 0 0.01)
(1.29551 0 0.01)
(1.29918 0 0.01)
(1.30285 0 0.01)
(1.30652 0 0.01)
(1.31019 0 0.01)
(1.31386 0 0.01)
(1.31753 0 0.01)
(1.3212 0 0.01)
(1.32487 0 0.01)
(1.32854 0 0.01)
(1.33221 0 0.01)
(1.33588 0 0.01)
(1.33955 0 0.01)
(1.34322 0 0.01)
(1.34689 0 0.01)
(1.35056 0 0.01)
(1.35423 0 0.01)
(1.3579 0 0.01)
(1.36157 0 0.01)
(1.36524 0 0.01)
(1.36891 0 0.01)
(1.37258 0 0.01)
(1.37625 0 0.01)
(1.37992 0 0.01)
(1.38359 0 0.01)
(1.38726 0 0.01)
(1.39093 0 0.01)
(1.3946 0 0.01)
(1.39827 0 0.01)
(1.40194 0 0.01)
(1.40561 0 0.01)
(1.40928 0 0.01)
(1.41295 0 0.01)
(1.41662 0 0.01)
(1.42029 0 0.01)
(1.42396 0 0.01)
(1.42763 0 0.01)
(1.4313 0 0.01)
(1.43497 0 0.01)
(1.43864 0 0.01)
(1.44231 0 0.01)
(1.44598 0 0.01)
(1.44965 0 0.01)
(1.45332 0 0.01)
(1.45699 0 0.01)
(1.46066 0 0.01)
(1.46433 0 0.01)
(1.468 0 0.01)
(1.47167 0 0.01)
(1.47534 0 0.01)
(1.47901 0 0.01)
(1.48268 0 0.01)
(1.48635 0 0.01)
(1.49002 0 0.01)
(1.49369 0 0.01)
(1.49736 0 0.01)
(1.50103 0 0.01)
(1.5047 0 0.01)
(1.50837 0 0.01)
(1.51204 0 0.01)
(1.51571 0 0.01)
(1.51938 0 0.01)
(1.52305 0 0.01)
(1.52672 0 0.01)
(1.53039 0 0.01)
(1.53406 0 0.01)
(1.53773 0 0.01)
(1.5414 0 0.01)
(1.54507 0 0.01)
(1.54874 0 0.01)
(1.55241 0 0.01)
(1.55608 0 0.01)
(1.55975 0 0.01)
(1.56342 0 0.01)
(1.56709 0 0.01)
(1.57076 0 0.01)
(1.57443 0 0.01)
(1.5781 0 0.01)
(1.58177 0 0.01)
(1.58544 0 0.01)
(1.58911 0 0.01)
(1.59278 0 0.01)
(1.59645 0 0.01)
(1.60012 0 0.01)
(1.60379 0 0.01)
(1.60746 0 0.01)
(1.61113 0 0.01)
(1.6148 0 0.01)
(1.61847 0 0.01)
(1.62214 0 0.01)
(1.62581 0 0.01)
(1.62948 0 0.01)
(1.63315 0 0.01)
(1.63682 0 0.01)
(1.64049 0 0.01)
(1.64416 0 0.01)
(1.64783 0 0.01)
(1.6515 0 0.01)
(1.65517 0 0.01)
(1.65884 0 0.01)
(1.66251 0 0.01)
(1.66618 0 0.01)
(1.66985 0 0.01)
(1.67352 0 0.01)
(1.67719 0 0.01)
(1.68086 0 0.01)
(1.68453 0 0.01)
(1.6882 0 0.01)
(1.69187 0 0.01)
(1.69554 0 0.01)
(1.69921 0 0.01)
(1.70288 0 0.01)
(1.70655 0 0.01)
(1.71022 0 0.01)
(1.71389 0 0.01)
(1.71756 0 0.01)
(1.72123 0 0.01)
(1.7249 0 0.01)
(1.72857 0 0.01)
(1.73224 0 0.01)
(1.73591 0 0.01)
(1.73958 0 0.01)
(1.74325 0 0.01)
(1.74692 0 0.01)
(1.75059 0 0.01)
(1.75426 0 0.01)
(1.75793 0 0.01)
(1.7616 0 0.01)
(1.76527 0 0.01)
(1.76894 0 0.01)
(1.77261 0 0.01)
(1.77628 0 0.01)
(1.77995 0 0.01)
(1.78362 0 0.01)
(1.78729 0 0.01)
(1.79096 0 0.01)
(1.79463 0 0.01)
(1.7983 0 0.01)
(1.80197 0 0.01)
(1.80564 0 0.01)
(1.80931 0 0.01)
(1.81298 0 0.01)
(1.81665 0 0.01)
(1.82032 0 0.01)
(1.82399 0 0.01)
(1.82766 0 0.01)
(1.83133 0 0.01)
(1.835 0 0.01)
(1.83867 0 0.01)
(1.84234 0 0.01)
(1.84601 0 0.01)
(1.84968 0 0.01)
(1.85335 0 0.01)
(1.85702 0 0.01)
(1.86069 0 0.01)
(1.86436 0 0.01)
(1.86803 0 0.01)
(1.8717 0 0.01)
(1.87537 0 0.01)
(1.87904 0 0.01)
(1.88271 0 0.01)
(1.88638 0 0.01)
(1.89005 0 0.01)
(1.89372 0 0.01)
(1.89739 0 0.01)
(1.90106 0 0.01)
(1.90473 0 0.01)
(1.9084 0 0.01)
(1.91207 0 0.01)
(1.91574 0 0.01)
(1.91941 0 0.01)
(1.92308 0 0.01)
(1.92675 0 0.01)
(1.93042 0 0.01)
(1.93409 0 0.01)
(1.93776 0 0.01)
(1.94143 0 0.01)
(1.9451 0 0.01)
(1.94877 0 0.01)
(1.95244 0 0.01)
(1.95611 0 0.01)
(1.95978 0 0.01)
(1.96345 0 0.01)
(1.96712 0 0.01)
(1.97079 0 0.01)
(1.97446 0 0.01)
(1.97813 0 0.01)
(1.9818 0 0.01)
(1.98547 0 0.01)
(1.98914 0 0.01)
(1.99281 0 0.01)
(1.99648 0 0.01)
(2.00015 0 0.01)
(2.00382 0 0.01)
(2.00749 0 0.01)
(2.01116 0 0.01)
(2.01483 0 0.01)
(2.0185 0 0.01)
(2.02217 0 0.01)
(2.02584 0 0.01)
(2.02951 0 0.01)
(2.03318 0 0.01)
(2.03685 0 0.01)
(2.04052 0 0.01)
(2.04419 0 0.01)
(2.04786 0 0.01)
(2.05153 0 0.01)
(2.0552 0 0.01)
(2.05887 0 0.01)
(2.06254 0 0.01)
(2.06621 0 0.01)
(2.06988 0 0.01)
(2.07355 0 0.01)
(2.07722 0 0.01)
(2.08089 0 0.01)
(2.08456 0 0.01)
(2.08823 0 0.01)
(2.0919 0 0.01)
(2.09557 0 0.01)
(2.09924 0 0.01)
(2.10291 0 0.01)
(2.10658 0 0.01)
(2.11025 0 0.01)
(2.11392 0 0.01)
(2.11759 0 0.01)
(2.12126 0 0.01)
(2.12493 0 0.01)
(2.1286 0 0.01)
(2.13227 0 0.01)
(2.13594 0 0.01)
(2.13961 0 0.01)
(2.14328 0 0.01)
(2.14695 0 0.01)
(2.15062 0 0.01)
(2.15429 0 0.01)
(2.15796 0 0.01)
(2.16163 0 0.01)
(2.1653 0 0.01)
(2.16897 0 0.01)
(2.17264 0 0.01)
(2.17631 0 0.01)
(2.17998 0 0.01)
(2.18365 0 0.01)
(2.18732 0 0.01)
(2.19099 0 0.01)
(2.19466 0 0.01)
(2.19833 0 0.01)
(2.202 0 0.01)
(2.20567 0 0.01)
(2.20934 0 0.01)
(2.21301 0 0.01)
(2.21668 0 0.01)
(2.22035 0 0.01)
(2.22402 0 0.01)
(2.22769 0 0.01)
(2.23136 0 0.01)
(2.23503 0 0.01)
(2.2387 0 0.01)
(2.24237 0 0.01)
(2.24604 0 0.01)
(2.24971 0 0.01)
(2.25338 0 0.01)
(2.25705 0 0.01)
(2.26072 0 0.01)
(2.26439 0 0.01)
(2.26806 0 0.01)
(2.27173 0 0.01)
(2.2754 0 0.01)
(2.27907 0 0.01)
(2.28274 0 0.01)
(2.28641 0 0.01)
(2.29008 0 0.01)
(2.29375 0 0.01)
(2.29742 0 0.01)
(2.30109 0 0.01)
(2.30476 0 0.01)
(2.30843 0 0.01)
(2.3121 0 0.01)
(2.31577 0 0.01)
(2.31944 0 0.01)
(2.32311 0 0.01)
(2.32678 0 0.01)
(2.33045 0 0.01)
(2.33412 0 0.01)
(2.33779 0 0.01)
(2.34146 0 0.01)
(2.34513 0 0.01)
(2.3488 0 0.01)
(2.35247 0 0.01)
(2.35614 0 0.01)
(2.35981 0 0.01)
(2.36348 0 0.01)
(2.36715 0 0.01)
(2.37082 0 0.01)
(2.37449 0 0.01)
(2.37816 0 0.01)
(2.38183 0 0.01)
(2.3855 0 0.01)
(2.38917 0 0.01)
(2.39284 0 0.01)
(2.39651 0 0.01)
(2.40018 0 0.01)
(2.40385 0 0.01)
(2.40752 0 0.01)
(2.41119 0 0.01)
(2.41486 0 0.01)
(2.41853 0 0.01)
(2.4222 0 0.01)
(2.42587 0 0.01)
(2.42954 0 0.01)
(2.43321 0 0.01)
(2.43688 0 0.01)
(2.44055 0 0.01)
(2.44422 0 0.01)
(2.44789 0 0.01)
(2.45156 0 0.01)
(2.45523 0 0.01)
(2.4589 0 0.01)
(2.46257 0 0.01)
(2.46624 0 0.01)
(2.46991 0 0.01)
(2.47358 0 0.01)
(2.47725 0 0.01)
(2.48092 0 0.01)
(2.48459 0 0.01)
(2.48826 0 0.01)
(2.49193 0 0.01)
(2.4956 0 0.01)
(2.49927 0 0.01)
(2.50294 0 0.01)
(2.50661 0 0.01)
(2.51028 0 0.01)
(2.51395 0 0.01)
(2.51762 0 0.01)
(2.52129 0 0.01)
(2.52496 0 0.01)
(2.52863 0 0.01)
(2.5323 0 0.01)
(2.53597 0 0.01)
(2.53964 0 0.01)
(2.54331 0 0.01)
(2.54698 0 0.01)
(2.55065 0 0.01)
(2.55432 0 0.01)
(2.55799 0 0.01)
(2.56166 0 0.01)
(2.56533 0 0.01)
(2.569 0 0.01)
(2.57267 0 0.01)
(2.57634 0 0.01)
(2.58001 0 0.01)
(2.58368 0 0.01)
(2.58735 0 0.01)
(2.59102 0 0.01)
(2.59469 0 0.01)
(2.59836 0 0.01)
(2.60203 0 0.01)
(2.6057 0 0.01)
(2.60937 0 0.01)
(2.61304 0 0.01)
(2.61671 0 0.01)
(2.62038 0 0.01)
(2.62405 0 0.01)
(2.62772 0 0.01)
(2.63139 0 0.01)
(2.63506 0 0.01)
(2.63873 0 0.01)
(2.6424 0 0.01)
(2.64607 0 0.01)
(2.64974 0 0.01)
(2.65341 0 0.01)
(2.65708 0 0.01)
(2.66075 0 0.01)
(2.66442 0 0.01)
(2.66809 0 0.01)
(2.67176 0 0.01)
(2.67543 0 0.01)
(2.6791 0 0.01)
(2.68277 0 0.01)
(2.68644 0 0.01)
(2.69011 0 0.01)
(2.69378 0 0.01)
(2.69745 0 0.01)
(2.70112 0 0.01)
(2.70479 0 0.01)
(2.70846 0 0.01)
(2.71213 0 0.01)
(2.7158 0 0.01)
(2.71947 0 0.01)
(2.72314 0 0.01)
(2.72681 0 0.01)
(2.73048 0 0.01)
(2.73415 0 0.01)
(2.73782 0 0.01)
(2.74149 0 0.01)
(2.74516 0 0.01)
(2.74883 0 0.01)
(2.7525 0 0.01)
(2.75617 0 0.01)
(2.75984 0 0.01)
(2.76351 0 0.01)
(2.76718 0 0.01)
(2.77085 0 0.01)
(2.77452 0 0.01)
(2.77819 0 0.01)
(2.78186 0 0.01)
(2.78553 0 0.01)
(2.7892 0 0.01)
(2.79287 0 0.01)
(2.79654 0 0.01)
(2.80021 0 0.01)
(2.80388 0 0.01)
(2.80755 0 0.01)
(2.81122 0 0.01)
(2.81489 0 0.01)
(2.81856 0 0.01)
(2.82223 0 0.01)
(2.8259 0 0.01)
(2.82957 0 0.01)
(2.83324 0 0.01)
(2.83691 0 0.01)
(2.84058 0 0.01)
(2.84425 0 0.01)
(2.84792 0 0.01)
(2.85159 0 0.01)
(2.85526 0 0.01)
(2.85893 0 0.01)
(2.8626 0 0.01)
(2.86627 0 0.01)
(2.86994 0 0.01)
(2.87361 0 0.01)
(2.87728 0 0.01)
(2.88095 0 0.01)
(2.88462 0 0.01)
(2.88829 0 0.01)
(2.89196 0 0.01)
(2.89563 0 0.01)
(2.8993 0 0.01)
(2.90297 0 0.01)
(2.90664 0 0.01)
(2.91031 0 0.01)
(2.91398 0 0.01)
(2.91765 0 0.01)
(2.92132 0 0.01)
(2.92499 0 0.01)
(2.92866 0 0.01)
(2.93233 0 0.01)
(2.936 0 0.01)
(2.93967 0 0.01)
(2.94334 0 0.01)
(2.94701 0 0.01)
(2.95068 0 0.01)
(2.95435 0 0.01)
(2.95802 0 0.01)
(2.96169 0 0.01)
(2.96536 0 0.01)
(2.96903 0 0.01)
(2.9727 0 0.01)
(2.97637 0 0.01)
(2.98004 0 0.01)
(2.98371 0 0.01)
(2.98738 0 0.01)
(2.99105 0 0.01)
(2.99472 0 0.01)
(2.99839 0 0.01)
(3.00206 0 0.01)
(3.00573 0 0.01)
(3.0094 0 0.01)
(3.01307 0 0.01)
(3.01674 0 0.01)
(3.02041 0 0.01)
(3.02408 0 0.01)
(3.02775 0 0.01)
(3.03142 0 0.01)
(3.03509 0 0.01)
(3.03876 0 0.01)
(3.04243 0 0.01)
(3.0461 0 0.01)
(3.04977 0 0.01)
(3.05344 0 0.01)
(3.05711 0 0.01)
(3.06078 0 0.01)
(3.06445 0 0.01)
(3.06812 0 0.01)
(3.07179 0 0.01)
(3.07546 0 0.01)
(3.07913 0 0.01)
(3.0828 0 0.01)
(3.08647 0 0.01)
(3.09014 0 0.01)
(3.09381 0 0.01)
(3.09748 0 0.01)
(3.10115 0 0.01)
(3.10482 0 0.01)
(3.10849 0 0.01)
(3.11216 0 0.01)
(3.11583 0 0.01)
(3.1195 0 0.01)
(3.12317 0 0.01)
(3.12684 0 0.01)
(3.13051 0 0.01)
(3.13418 0 0.01)
(3.13785 0 0.01)
(3.14152 0 0.01)
(3.14519 0 0.01)
(3.14886 0 0.01)
(3.15253 0 0.01)
(3.1562 0 0.01)
(3.15987 0 0.01)
(3.16354 0 0.01)
(3.16721 0 0.01)
(3.17088 0 0.01)
(3.17455 0 0.01)
(3.17822 0 0.01)
(3.18189 0 0.01)
(3.18556 0 0.01)
(3.18923 0 0.01)
(3.1929 0 0.01)
(3.19657 0 0.01)
(3.20024 0 0.01)
(3.20391 0 0.01)
(3.20758 0 0.01)
(3.21125 0 0.01)
(3.21492 0 0.01)
(3.21859 0 0.01)
(3.22226 0 0.01)
(3.22593 0 0.01)
(3.2296 0 0.01)
(3.23327 0 0.01)
(3.23694 0 0.01)
(3.24061 0 0.01)
(3.24428 0 0.01)
(3.24795 0 0.01)
(3.25162 0 0.01)
(3.25529 0 0.01)
(3.25896 0 0.01)
(3.26263 0 0.01)
(3.2663 0 0.01)
(3.26997 0 0.01)
(3.27364 0 0.01)
(3.27731 0 0.01)
(3.28098 0 0.01)
(3.28465 0 0.01)
(3.28832 0 0.01)
(3.29199 0 0.01)
(3.29566 0 0.01)
(3.29933 0 0.01)
(3.303 0 0.01)
(3.30667 0 0.01)
(3.31034 0 0.01)
(3.31401 0 0.01)
(3.31768 0 0.01)
(3.32135 0 0.01)
(3.32502 0 0.01)
(3.32869 0 0.01)
(3.33236 0 0.01)
(3.33603 0 0.01)
(3.3397 0 0.01)
(3.34337 0 0.01)
(3.34704 0 0.01)
(3.35071 0 0.01)
(3.35438 0 0.01)
(3.35805 0 0.01)
(3.36172 0 0.01)
(3.36539 0 0.01)
(3.36906 0 0.01)
(3.37273 0 0.01)
(3.3764 0 0.01)
(3.38007 0 0.01)
(3.38374 0 0.01)
(3.38741 0 0.01)
(3.39108 0 0.01)
(3.39475 0 0.01)
(3.39842 0 0.01)
(3.40209 0 0.01)
(3.40576 0 0.01)
(3.40943 0 0.01)
(3.4131 0 0.01)
(3.41677 0 0.01)
(3.42044 0 0.01)
(3.42411 0 0.01)
(3.42778 0 0.01)
(3.43145 0 0.01)
(3.43512 0 0.01)
(3.43879 0 0.01)
(3.44246 0 0.01)
(3.44613 0 0.01)
(3.4498 0 0.01)
(3.45347 0 0.01)
(3.45714 0 0.01)
(3.46081 0 0.01)
(3.46448 0 0.01)
(3.46815 0 0.01)
(3.47182 0 0.01)
(3.47549 0 0.01)
(3.47916 0 0.01)
(3.48283 0 0.01)
(3.4865 0 0.01)
(3.49017 0 0.01)
(3.49384 0 0.01)
(3.49751 0 0.01)
(3.50118 0 0.01)
(3.50485 0 0.01)
(3.50852 0 0.01)
(3.51219 0 0.01)
(3.51586 0 0.01)
(3.51953 0 0.01)
(3.5232 0 0.01)
(3.52687 0 0.01)
(3.53054 0 0.01)
(3.53421 0 0.01)
(3.53788 0 0.01)
(3.54155 0 0.01)
(3.54522 0 0.01)
(3.54889 0 0.01)
(3.55256 0 0.01)
(3.55623 0 0.01)
(3.5599 0 0.01)
(3.56357 0 0.01)
(3.56724 0 0.01)
(3.57091 0 0.01)
(3.57458 0 0.01)
(3.57825 0 0.01)
(3.58192 0 0.01)
(3.58559 0 0.01)
(3.58926 0 0.01)
(3.59293 0 0.01)
(3.5966 0 0.01)
(3.60027 0 0.01)
(3.60394 0 0.01)
(3.60761 0 0.01)
(3.61128 0 0.01)
(3.61495 0 0.01)
(3.61862 0 0.01)
(3.62229 0 0.01)
(3.62596 0 0.01)
(3.62963 0 0.01)
(3.6333 0 0.01)
(3.63697 0 0.01)
(3.64064 0 0.01)
(3.64431 0 0.01)
(3.64798 0 0.01)
(3.65165 0 0.01)
(3.65532 0 0.01)
(3.65899 0 0.01)
(3.66266 0 0.01)
(3.66633 0 0.01)
(3.67 0 0.01)
(0 0.01 0.01)
(0.00367 0.01 0.01)
(0.00734 0.01 0.01)
(0.01101 0.01 0.01)
(0.01468 0.01 0.01)
(0.01835 0.01 0.01)
(0.02202 0.01 0.01)
(0.02569 0.01 0.01)
(0.02936 0.01 0.01)
(0.03303 0.01 0.01)
(0.0367 0.01 0.01)
(0.04037 0.01 0.01)
(0.04404 0.01 0.01)
(0.04771 0.01 0.01)
(0.05138 0.01 0.01)
(0.05505 0.01 0.01)
(0.05872 0.01 0.01)
(0.06239 0.01 0.01)
(0.06606 0.01 0.01)
(0.06973 0.01 0.01)
(0.0734 0.01 0.01)
(0.07707 0.01 0.01)
(0.08074 0.01 0.01)
(0.08441 0.01 0.01)
(0.08808 0.01 0.01)
(0.09175 0.01 0.01)
(0.09542 0.01 0.01)
(0.09909 0.01 0.01)
(0.10276 0.01 0.01)
(0.10643 0.01 0.01)
(0.1101 0.01 0.01)
(0.11377 0.01 0.01)
(0.11744 0.01 0.01)
(0.12111 0.01 0.01)
(0.12478 0.01 0.01)
(0.12845 0.01 0.01)
(0.13212 0.01 0.01)
(0.13579 0.01 0.01)
(0.13946 0.01 0.01)
(0.14313 0.01 0.01)
(0.1468 0.01 0.01)
(0.15047 0.01 0.01)
(0.15414 0.01 0.01)
(0.15781 0.01 0.01)
(0.16148 0.01 0.01)
(0.16515 0.01 0.01)
(0.16882 0.01 0.01)
(0.17249 0.01 0.01)
(0.17616 0.01 0.01)
(0.17983 0.01 0.01)
(0.1835 0.01 0.01)
(0.18717 0.01 0.01)
(0.19084 0.01 0.01)
(0.19451 0.01 0.01)
(0.19818 0.01 0.01)
(0.20185 0.01 0.01)
(0.20552 0.01 0.01)
(0.20919 0.01 0.01)
(0.21286 0.01 0.01)
(0.21653 0.01 0.01)
(0.2202 0.01 0.01)
(0.22387 0.01 0.01)
(0.22754 0.01 0.01)
(0.23121 0.01 0.01)
(0.23488 0.01 0.01)
(0.23855 0.01 0.01)
(0.24222 0.01 0.01)
(0.24589 0.01 0.01)
(0.24956 0.01 0.01)
(0.25323 0.01 0.01)
(0.2569 0.01 0.01)
(0.26057 0.01 0.01)
(0.26424 0.01 0.01)
(0.26791 0.01 0.01)
(0.27158 0.01 0.01)
(0.27525 0.01 0.01)
(0.27892 0.01 0.01)
(0.28259 0.01 0.01)
(0.28626 0.01 0.01)
(0.28993 0.01 0.01)
(0.2936 0.01 0.01)
(0.29727 0.01 0.01)
(0.30094 0.01 0.01)
(0.30461 0.01 0.01)
(0.30828 0.01 0.01)
(0.31195 0.01 0.01)
(0.31562 0.01 0.01)
(0.31929 0.01 0.01)
(0.32296 0.01 0.01)
(0.32663 0.01 0.01)
(0.3303 0.01 0.01)
(0.33397 0.01 0.01)
(0.33764 0.01 0.01)
(0.34131 0.01 0.01)
(0.34498 0.01 0.01)
(0.34865 0.01 0.01)
(0.35232 0.01 0.01)
(0.35599 0.01 0.01)
(0.35966 0.01 0.01)
(0.36333 0.01 0.01)
(0.367 0.01 0.01)
(0.37067 0.01 0.01)
(0.37434 0.01 0.01)
(0.37801 0.01 0.01)
(0.38168 0.01 0.01)
(0.38535 0.01 0.01)
(0.38902 0.01 0.01)
(0.39269 0.01 0.01)
(0.39636 0.01 0.01)
(0.40003 0.01 0.01)
(0.4037 0.01 0.01)
(0.40737 0.01 0.01)
(0.41104 0.01 0.01)
(0.41471 0.01 0.01)
(0.41838 0.01 0.01)
(0.42205 0.01 0.01)
(0.42572 0.01 0.01)
(0.42939 0.01 0.01)
(0.43306 0.01 0.01)
(0.43673 0.01 0.01)
(0.4404 0.01 0.01)
(0.44407 0.01 0.01)
(0.44774 0.01 0.01)
(0.45141 0.01 0.01)
(0.45508 0.01 0.01)
(0.45875 0.01 0.01)
(0.46242 0.01 0.01)
(0.46609 0.01 0.01)
(0.46976 0.01 0.01)
(0.47343 0.01 0.01)
(0.4771 0.01 0.01)
(0.48077 0.01 0.01)
(0.48444 0.01 0.01)
(0.48811 0.01 0.01)
(0.49178 0.01 0.01)
(0.49545 0.01 0.01)
(0.49912 0.01 0.01)
(0.50279 0.01 0.01)
(0.50646 0.01 0.01)
(0.51013 0.01 0.01)
(0.5138 0.01 0.01)
(0.51747 0.01 0.01)
(0.52114 0.01 0.01)
(0.52481 0.01 0.01)
(0.52848 0.01 0.01)
(0.53215 0.01 0.01)
(0.53582 0.01 0.01)
(0.53949 0.01 0.01)
(0.54316 0.01 0.01)
(0.54683 0.01 0.01)
(0.5505 0.01 0.01)
(0.55417 0.01 0.01)
(0.55784 0.01 0.01)
(0.56151 0.01 0.01)
(0.56518 0.01 0.01)
(0.56885 0.01 0.01)
(0.57252 0.01 0.01)
(0.57619 0.01 0.01)
(0.57986 0.01 0.01)
(0.58353 0.01 0.01)
(0.5872 0.01 0.01)
(0.59087 0.01 0.01)
(0.59454 0.01 0.01)
(0.59821 0.01 0.01)
(0.60188 0.01 0.01)
(0.60555 0.01 0.01)
(0.60922 0.01 0.01)
(0.61289 0.01 0.01)
(0.61656 0.01 0.01)
(0.62023 0.01 0.01)
(0.6239 0.01 0.01)
(0.62757 0.01 0.01)
(0.63124 0.01 0.01)
(0.63491 0.01 0.01)
(0.63858 0.01 0.01)
(0.64225 0.01 0.01)
(0.64592 0.01 0.01)
(0.64959 0.01 0.01)
(0.65326 0.01 0.01)
(0.65693 0.01 0.01)
(0.6606 0.01 0.01)
(0.66427 0.01 0.01)
(0.66794 0.01 0.01)
(0.67161 0.01 0.01)
(0.67528 0.01 0.01)
(0.67895 0.01 0.01)
(0.68262 0.01 0.01)
(0.68629 0.01 0.01)
(0.68996 0.01 0.01)
(0.69363 0.01 0.01)
(0.6973 0.01 0.01)
(0.70097 0.01 0.01)
(0.70464 0.01 0.01)
(0.70831 0.01 0.01)
(0.71198 0.01 0.01)
(0.71565 0.01 0.01)
(0.71932 0.01 0.01)
(0.72299 0.01 0.01)
(0.72666 0.01 0.01)
(0.73033 0.01 0.01)
(0.734 0.01 0.01)
(0.73767 0.01 0.01)
(0.74134 0.01 0.01)
(0.74501 0.01 0.01)
(0.74868 0.01 0.01)
(0.75235 0.01 0.01)
(0.75602 0.01 0.01)
(0.75969 0.01 0.01)
(0.76336 0.01 0.01)
(0.76703 0.01 0.01)
(0.7707 0.01 0.01)
(0.77437 0.01 0.01)
(0.77804 0.01 0.01)
(0.78171 0.01 0.01)
(0.78538 0.01 0.01)
(0.78905 0.01 0.01)
(0.79272 0.01 0.01)
(0.79639 0.01 0.01)
(0.80006 0.01 0.01)
(0.80373 0.01 0.01)
(0.8074 0.01 0.01)
(0.81107 0.01 0.01)
(0.81474 0.01 0.01)
(0.81841 0.01 0.01)
(0.82208 0.01 0.01)
(0.82575 0.01 0.01)
(0.82942 0.01 0.01)
(0.83309 0.01 0.01)
(0.83676 0.01 0.01)
(0.84043 0.01 0.01)
(0.8441 0.01 0.01)
(0.84777 0.01 0.01)
(0.85144 0.01 0.01)
(0.85511 0.01 0.01)
(0.85878 0.01 0.01)
(0.86245 0.01 0.01)
(0.86612 0.01 0.01)
(0.86979 0.01 0.01)
(0.87346 0.01 0.01)
(0.87713 0.01 0.01)
(0.8808 0.01 0.01)
(0.88447 0.01 0.01)
(0.88814 0.01 0.01)
(0.89181 0.01 0.01)
(0.89548 0.01 0.01)
(0.89915 0.01 0.01)
(0.90282 0.01 0.01)
(0.90649 0.01 0.01)
(0.91016 0.01 0.01)
(0.91383 0.01 0.01)
(0.9175 0.01 0.01)
(0.92117 0.01 0.01)
(0.92484 0.01 0.01)
(0.92851 0.01 0.01)
(0.93218 0.01 0.01)
(0.93585 0.01 0.01)
(0.93952 0.01 0.01)
(0.94319 0.01 0.01)
(0.94686 0.01 0.01)
(0.95053 0.01 0.01)
(0.9542 0.01 0.01)
(0.95787 0.01 0.01)
(0.96154 0.01 0.01)
(0.96521 0.01 0.01)
(0.96888 0.01 0.01)
(0.97255 0.01 0.01)
(0.97622 0.01 0.01)
(0.97989 0.01 0.01)
(0.98356 0.01 0.01)
(0.98723 0.01 0.01)
(0.9909 0.01 0.01)
(0.99457 0.01 0.01)
(0.99824 0.01 0.01)
(1.00191 0.01 0.01)
(1.00558 0.01 0.01)
(1.00925 0.01 0.01)
(1.01292 0.01 0.01)
(1.01659 0.01 0.01)
(1.02026 0.01 0.01)
(1.02393 0.01 0.01)
(1.0276 0.01 0.01)
(1.03127 0.01 0.01)
(1.03494 0.01 0.01)
(1.03861 0.01 0.01)
(1.04228 0.01 0.01)
(1.04595 0.01 0.01)
(1.04962 0.01 0.01)
(1.05329 0.01 0.01)
(1.05696 0.01 0.01)
(1.06063 0.01 0.01)
(1.0643 0.01 0.01)
(1.06797 0.01 0.01)
(1.07164 0.01 0.01)
(1.07531 0.01 0.01)
(1.07898 0.01 0.01)
(1.08265 0.01 0.01)
(1.08632 0.01 0.01)
(1.08999 0.01 0.01)
(1.09366 0.01 0.01)
(1.09733 0.01 0.01)
(1.101 0.01 0.01)
(1.10467 0.01 0.01)
(1.10834 0.01 0.01)
(1.11201 0.01 0.01)
(1.11568 0.01 0.01)
(1.11935 0.01 0.01)
(1.12302 0.01 0.01)
(1.12669 0.01 0.01)
(1.13036 0.01 0.01)
(1.13403 0.01 0.01)
(1.1377 0.01 0.01)
(1.14137 0.01 0.01)
(1.14504 0.01 0.01)
(1.14871 0.01 0.01)
(1.15238 0.01 0.01)
(1.15605 0.01 0.01)
(1.15972 0.01 0.01)
(1.16339 0.01 0.01)
(1.16706 0.01 0.01)
(1.17073 0.01 0.01)
(1.1744 0.01 0.01)
(1.17807 0.01 0.01)
(1.18174 0.01 0.01)
(1.18541 0.01 0.01)
(1.18908 0.01 0.01)
(1.19275 0.01 0.01)
(1.19642 0.01 0.01)
(1.20009 0.01 0.01)
(1.20376 0.01 0.01)
(1.20743 0.01 0.01)
(1.2111 0.01 0.01)
(1.21477 0.01 0.01)
(1.21844 0.01 0.01)
(1.22211 0.01 0.01)
(1.22578 0.01 0.01)
(1.22945 0.01 0.01)
(1.23312 0.01 0.01)
(1.23679 0.01 0.01)
(1.24046 0.01 0.01)
(1.24413 0.01 0.01)
(1.2478 0.01 0.01)
(1.25147 0.01 0.01)
(1.25514 0.01 0.01)
(1.25881 0.01 0.01)
(1.26248 0.01 0.01)
(1.26615 0.01 0.01)
(1.26982 0.01 0.01)
(1.27349 0.01 0.01)
(1.27716 0.01 0.01)
(1.28083 0.01 0.01)
(1.2845 0.01 0.01)
(1.28817 0.01 0.01)
(1.29184 0.01 0.01)
(1.29551 0.01 0.01)
(1.29918 0.01 0.01)
(1.30285 0.01 0.01)
(1.30652 0.01 0.01)
(1.31019 0.01 0.01)
(1.31386 0.01 0.01)
(1.31753 0.01 0.01)
(1.3212 0.01 0.01)
(1.32487 0.01 0.01)
(1.32854 0.01 0.01)
(1.33221 0.01 0.01)
(1.33588 0.01 0.01)
(1.33955 0.01 0.01)
(1.34322 0.01 0.01)
(1.34689 0.01 0.01)
(1.35056 0.01 0.01)
(1.35423 0.01 0.01)
(1.3579 0.01 0.01)
(1.36157 0.01 0.01)
(1.36524 0.01 0.01)
(1.36891 0.01 0.01)
(1.37258 0.01 0.01)
(1.37625 0.01 0.01)
(1.37992 0.01 0.01)
(1.38359 0.01 0.01)
(1.38726 0.01 0.01)
(1.39093 0.01 0.01)
(1.3946 0.01 0.01)
(1.39827 0.01 0.01)
(1.40194 0.01 0.01)
(1.40561 0.01 0.01)
(1.40928 0.01 0.01)
(1.41295 0.01 0.01)
(1.41662 0.01 0.01)
(1.42029 0.01 0.01)
(1.42396 0.01 0.01)
(1.42763 0.01 0.01)
(1.4313 0.01 0.01)
(1.43497 0.01 0.01)
(1.43864 0.01 0.01)
(1.44231 0.01 0.01)
(1.44598 0.01 0.01)
(1.44965 0.01 0.01)
(1.45332 0.01 0.01)
(1.45699 0.01 0.01)
(1.46066 0.01 0.01)
(1.46433 0.01 0.01)
(1.468 0.01 0.01)
(1.47167 0.01 0.01)
(1.47534 0.01 0.01)
(1.47901 0.01 0.01)
(1.48268 0.01 0.01)
(1.48635 0.01 0.01)
(1.49002 0.01 0.01)
(1.49369 0.01 0.01)
(1.49736 0.01 0.01)
(1.50103 0.01 0.01)
(1.5047 0.01 0.01)
(1.50837 0.01 0.01)
(1.51204 0.01 0.01)
(1.51571 0.01 0.01)
(1.51938 0.01 0.01)
(1.52305 0.01 0.01)
(1.52672 0.01 0.01)
(1.53039 0.01 0.01)
(1.53406 0.01 0.01)
(1.53773 0.01 0.01)
(1.5414 0.01 0.01)
(1.54507 0.01 0.01)
(1.54874 0.01 0.01)
(1.55241 0.01 0.01)
(1.55608 0.01 0.01)
(1.55975 0.01 0.01)
(1.56342 0.01 0.01)
(1.56709 0.01 0.01)
(1.57076 0.01 0.01)
(1.57443 0.01 0.01)
(1.5781 0.01 0.01)
(1.58177 0.01 0.01)
(1.58544 0.01 0.01)
(1.58911 0.01 0.01)
(1.59278 0.01 0.01)
(1.59645 0.01 0.01)
(1.60012 0.01 0.01)
(1.60379 0.01 0.01)
(1.60746 0.01 0.01)
(1.61113 0.01 0.01)
(1.6148 0.01 0.01)
(1.61847 0.01 0.01)
(1.62214 0.01 0.01)
(1.62581 0.01 0.01)
(1.62948 0.01 0.01)
(1.63315 0.01 0.01)
(1.63682 0.01 0.01)
(1.64049 0.01 0.01)
(1.64416 0.01 0.01)
(1.64783 0.01 0.01)
(1.6515 0.01 0.01)
(1.65517 0.01 0.01)
(1.65884 0.01 0.01)
(1.66251 0.01 0.01)
(1.66618 0.01 0.01)
(1.66985 0.01 0.01)
(1.67352 0.01 0.01)
(1.67719 0.01 0.01)
(1.68086 0.01 0.01)
(1.68453 0.01 0.01)
(1.6882 0.01 0.01)
(1.69187 0.01 0.01)
(1.69554 0.01 0.01)
(1.69921 0.01 0.01)
(1.70288 0.01 0.01)
(1.70655 0.01 0.01)
(1.71022 0.01 0.01)
(1.71389 0.01 0.01)
(1.71756 0.01 0.01)
(1.72123 0.01 0.01)
(1.7249 0.01 0.01)
(1.72857 0.01 0.01)
(1.73224 0.01 0.01)
(1.73591 0.01 0.01)
(1.73958 0.01 0.01)
(1.74325 0.01 0.01)
(1.74692 0.01 0.01)
(1.75059 0.01 0.01)
(1.75426 0.01 0.01)
(1.75793 0.01 0.01)
(1.7616 0.01 0.01)
(1.76527 0.01 0.01)
(1.76894 0.01 0.01)
(1.77261 0.01 0.01)
(1.77628 0.01 0.01)
(1.77995 0.01 0.01)
(1.78362 0.01 0.01)
(1.78729 0.01 0.01)
(1.79096 0.01 0.01)
(1.79463 0.01 0.01)
(1.7983 0.01 0.01)
(1.80197 0.01 0.01)
(1.80564 0.01 0.01)
(1.80931 0.01 0.01)
(1.81298 0.01 0.01)
(1.81665 0.01 0.01)
(1.82032 0.01 0.01)
(1.82399 0.01 0.01)
(1.82766 0.01 0.01)
(1.83133 0.01 0.01)
(1.835 0.01 0.01)
(1.83867 0.01 0.01)
(1.84234 0.01 0.01)
(1.84601 0.01 0.01)
(1.84968 0.01 0.01)
(1.85335 0.01 0.01)
(1.85702 0.01 0.01)
(1.86069 0.01 0.01)
(1.86436 0.01 0.01)
(1.86803 0.01 0.01)
(1.8717 0.01 0.01)
(1.87537 0.01 0.01)
(1.87904 0.01 0.01)
(1.88271 0.01 0.01)
(1.88638 0.01 0.01)
(1.89005 0.01 0.01)
(1.89372 0.01 0.01)
(1.89739 0.01 0.01)
(1.90106 0.01 0.01)
(1.90473 0.01 0.01)
(1.9084 0.01 0.01)
(1.91207 0.01 0.01)
(1.91574 0.01 0.01)
(1.91941 0.01 0.01)
(1.92308 0.01 0.01)
(1.92675 0.01 0.01)
(1.93042 0.01 0.01)
(1.93409 0.01 0.01)
(1.93776 0.01 0.01)
(1.94143 0.01 0.01)
(1.9451 0.01 0.01)
(1.94877 0.01 0.01)
(1.95244 0.01 0.01)
(1.95611 0.01 0.01)
(1.95978 0.01 0.01)
(1.96345 0.01 0.01)
(1.96712 0.01 0.01)
(1.97079 0.01 0.01)
(1.97446 0.01 0.01)
(1.97813 0.01 0.01)
(1.9818 0.01 0.01)
(1.98547 0.01 0.01)
(1.98914 0.01 0.01)
(1.99281 0.01 0.01)
(1.99648 0.01 0.01)
(2.00015 0.01 0.01)
(2.00382 0.01 0.01)
(2.00749 0.01 0.01)
(2.01116 0.01 0.01)
(2.01483 0.01 0.01)
(2.0185 0.01 0.01)
(2.02217 0.01 0.01)
(2.02584 0.01 0.01)
(2.02951 0.01 0.01)
(2.03318 0.01 0.01)
(2.03685 0.01 0.01)
(2.04052 0.01 0.01)
(2.04419 0.01 0.01)
(2.04786 0.01 0.01)
(2.05153 0.01 0.01)
(2.0552 0.01 0.01)
(2.05887 0.01 0.01)
(2.06254 0.01 0.01)
(2.06621 0.01 0.01)
(2.06988 0.01 0.01)
(2.07355 0.01 0.01)
(2.07722 0.01 0.01)
(2.08089 0.01 0.01)
(2.08456 0.01 0.01)
(2.08823 0.01 0.01)
(2.0919 0.01 0.01)
(2.09557 0.01 0.01)
(2.09924 0.01 0.01)
(2.10291 0.01 0.01)
(2.10658 0.01 0.01)
(2.11025 0.01 0.01)
(2.11392 0.01 0.01)
(2.11759 0.01 0.01)
(2.12126 0.01 0.01)
(2.12493 0.01 0.01)
(2.1286 0.01 0.01)
(2.13227 0.01 0.01)
(2.13594 0.01 0.01)
(2.13961 0.01 0.01)
(2.14328 0.01 0.01)
(2.14695 0.01 0.01)
(2.15062 0.01 0.01)
(2.15429 0.01 0.01)
(2.15796 0.01 0.01)
(2.16163 0.01 0.01)
(2.1653 0.01 0.01)
(2.16897 0.01 0.01)
(2.17264 0.01 0.01)
(2.17631 0.01 0.01)
(2.17998 0.01 0.01)
(2.18365 0.01 0.01)
(2.18732 0.01 0.01)
(2.19099 0.01 0.01)
(2.19466 0.01 0.01)
(2.19833 0.01 0.01)
(2.202 0.01 0.01)
(2.20567 0.01 0.01)
(2.20934 0.01 0.01)
(2.21301 0.01 0.01)
(2.21668 0.01 0.01)
(2.22035 0.01 0.01)
(2.22402 0.01 0.01)
(2.22769 0.01 0.01)
(2.23136 0.01 0.01)
(2.23503 0.01 0.01)
(2.2387 0.01 0.01)
(2.24237 0.01 0.01)
(2.24604 0.01 0.01)
(2.24971 0.01 0.01)
(2.25338 0.01 0.01)
(2.25705 0.01 0.01)
(2.26072 0.01 0.01)
(2.26439 0.01 0.01)
(2.26806 0.01 0.01)
(2.27173 0.01 0.01)
(2.2754 0.01 0.01)
(2.27907 0.01 0.01)
(2.28274 0.01 0.01)
(2.28641 0.01 0.01)
(2.29008 0.01 0.01)
(2.29375 0.01 0.01)
(2.29742 0.01 0.01)
(2.30109 0.01 0.01)
(2.30476 0.01 0.01)
(2.30843 0.01 0.01)
(2.3121 0.01 0.01)
(2.31577 0.01 0.01)
(2.31944 0.01 0.01)
(2.32311 0.01 0.01)
(2.32678 0.01 0.01)
(2.33045 0.01 0.01)
(2.33412 0.01 0.01)
(2.33779 0.01 0.01)
(2.34146 0.01 0.01)
(2.34513 0.01 0.01)
(2.3488 0.01 0.01)
(2.35247 0.01 0.01)
(2.35614 0.01 0.01)
(2.35981 0.01 0.01)
(2.36348 0.01 0.01)
(2.36715 0.01 0.01)
(2.37082 0.01 0.01)
(2.37449 0.01 0.01)
(2.37816 0.01 0.01)
(2.38183 0.01 0.01)
(2.3855 0.01 0.01)
(2.38917 0.01 0.01)
(2.39284 0.01 0.01)
(2.39651 0.01 0.01)
(2.40018 0.01 0.01)
(2.40385 0.01 0.01)
(2.40752 0.01 0.01)
(2.41119 0.01 0.01)
(2.41486 0.01 0.01)
(2.41853 0.01 0.01)
(2.4222 0.01 0.01)
(2.42587 0.01 0.01)
(2.42954 0.01 0.01)
(2.43321 0.01 0.01)
(2.43688 0.01 0.01)
(2.44055 0.01 0.01)
(2.44422 0.01 0.01)
(2.44789 0.01 0.01)
(2.45156 0.01 0.01)
(2.45523 0.01 0.01)
(2.4589 0.01 0.01)
(2.46257 0.01 0.01)
(2.46624 0.01 0.01)
(2.46991 0.01 0.01)
(2.47358 0.01 0.01)
(2.47725 0.01 0.01)
(2.48092 0.01 0.01)
(2.48459 0.01 0.01)
(2.48826 0.01 0.01)
(2.49193 0.01 0.01)
(2.4956 0.01 0.01)
(2.49927 0.01 0.01)
(2.50294 0.01 0.01)
(2.50661 0.01 0.01)
(2.51028 0.01 0.01)
(2.51395 0.01 0.01)
(2.51762 0.01 0.01)
(2.52129 0.01 0.01)
(2.52496 0.01 0.01)
(2.52863 0.01 0.01)
(2.5323 0.01 0.01)
(2.53597 0.01 0.01)
(2.53964 0.01 0.01)
(2.54331 0.01 0.01)
(2.54698 0.01 0.01)
(2.55065 0.01 0.01)
(2.55432 0.01 0.01)
(2.55799 0.01 0.01)
(2.56166 0.01 0.01)
(2.56533 0.01 0.01)
(2.569 0.01 0.01)
(2.57267 0.01 0.01)
(2.57634 0.01 0.01)
(2.58001 0.01 0.01)
(2.58368 0.01 0.01)
(2.58735 0.01 0.01)
(2.59102 0.01 0.01)
(2.59469 0.01 0.01)
(2.59836 0.01 0.01)
(2.60203 0.01 0.01)
(2.6057 0.01 0.01)
(2.60937 0.01 0.01)
(2.61304 0.01 0.01)
(2.61671 0.01 0.01)
(2.62038 0.01 0.01)
(2.62405 0.01 0.01)
(2.62772 0.01 0.01)
(2.63139 0.01 0.01)
(2.63506 0.01 0.01)
(2.63873 0.01 0.01)
(2.6424 0.01 0.01)
(2.64607 0.01 0.01)
(2.64974 0.01 0.01)
(2.65341 0.01 0.01)
(2.65708 0.01 0.01)
(2.66075 0.01 0.01)
(2.66442 0.01 0.01)
(2.66809 0.01 0.01)
(2.67176 0.01 0.01)
(2.67543 0.01 0.01)
(2.6791 0.01 0.01)
(2.68277 0.01 0.01)
(2.68644 0.01 0.01)
(2.69011 0.01 0.01)
(2.69378 0.01 0.01)
(2.69745 0.01 0.01)
(2.70112 0.01 0.01)
(2.70479 0.01 0.01)
(2.70846 0.01 0.01)
(2.71213 0.01 0.01)
(2.7158 0.01 0.01)
(2.71947 0.01 0.01)
(2.72314 0.01 0.01)
(2.72681 0.01 0.01)
(2.73048 0.01 0.01)
(2.73415 0.01 0.01)
(2.73782 0.01 0.01)
(2.74149 0.01 0.01)
(2.74516 0.01 0.01)
(2.74883 0.01 0.01)
(2.7525 0.01 0.01)
(2.75617 0.01 0.01)
(2.75984 0.01 0.01)
(2.76351 0.01 0.01)
(2.76718 0.01 0.01)
(2.77085 0.01 0.01)
(2.77452 0.01 0.01)
(2.77819 0.01 0.01)
(2.78186 0.01 0.01)
(2.78553 0.01 0.01)
(2.7892 0.01 0.01)
(2.79287 0.01 0.01)
(2.79654 0.01 0.01)
(2.80021 0.01 0.01)
(2.80388 0.01 0.01)
(2.80755 0.01 0.01)
(2.81122 0.01 0.01)
(2.81489 0.01 0.01)
(2.81856 0.01 0.01)
(2.82223 0.01 0.01)
(2.8259 0.01 0.01)
(2.82957 0.01 0.01)
(2.83324 0.01 0.01)
(2.83691 0.01 0.01)
(2.84058 0.01 0.01)
(2.84425 0.01 0.01)
(2.84792 0.01 0.01)
(2.85159 0.01 0.01)
(2.85526 0.01 0.01)
(2.85893 0.01 0.01)
(2.8626 0.01 0.01)
(2.86627 0.01 0.01)
(2.86994 0.01 0.01)
(2.87361 0.01 0.01)
(2.87728 0.01 0.01)
(2.88095 0.01 0.01)
(2.88462 0.01 0.01)
(2.88829 0.01 0.01)
(2.89196 0.01 0.01)
(2.89563 0.01 0.01)
(2.8993 0.01 0.01)
(2.90297 0.01 0.01)
(2.90664 0.01 0.01)
(2.91031 0.01 0.01)
(2.91398 0.01 0.01)
(2.91765 0.01 0.01)
(2.92132 0.01 0.01)
(2.92499 0.01 0.01)
(2.92866 0.01 0.01)
(2.93233 0.01 0.01)
(2.936 0.01 0.01)
(2.93967 0.01 0.01)
(2.94334 0.01 0.01)
(2.94701 0.01 0.01)
(2.95068 0.01 0.01)
(2.95435 0.01 0.01)
(2.95802 0.01 0.01)
(2.96169 0.01 0.01)
(2.96536 0.01 0.01)
(2.96903 0.01 0.01)
(2.9727 0.01 0.01)
(2.97637 0.01 0.01)
(2.98004 0.01 0.01)
(2.98371 0.01 0.01)
(2.98738 0.01 0.01)
(2.99105 0.01 0.01)
(2.99472 0.01 0.01)
(2.99839 0.01 0.01)
(3.00206 0.01 0.01)
(3.00573 0.01 0.01)
(3.0094 0.01 0.01)
(3.01307 0.01 0.01)
(3.01674 0.01 0.01)
(3.02041 0.01 0.01)
(3.02408 0.01 0.01)
(3.02775 0.01 0.01)
(3.03142 0.01 0.01)
(3.03509 0.01 0.01)
(3.03876 0.01 0.01)
(3.04243 0.01 0.01)
(3.0461 0.01 0.01)
(3.04977 0.01 0.01)
(3.05344 0.01 0.01)
(3.05711 0.01 0.01)
(3.06078 0.01 0.01)
(3.06445 0.01 0.01)
(3.06812 0.01 0.01)
(3.07179 0.01 0.01)
(3.07546 0.01 0.01)
(3.07913 0.01 0.01)
(3.0828 0.01 0.01)
(3.08647 0.01 0.01)
(3.09014 0.01 0.01)
(3.09381 0.01 0.01)
(3.09748 0.01 0.01)
(3.10115 0.01 0.01)
(3.10482 0.01 0.01)
(3.10849 0.01 0.01)
(3.11216 0.01 0.01)
(3.11583 0.01 0.01)
(3.1195 0.01 0.01)
(3.12317 0.01 0.01)
(3.12684 0.01 0.01)
(3.13051 0.01 0.01)
(3.13418 0.01 0.01)
(3.13785 0.01 0.01)
(3.14152 0.01 0.01)
(3.14519 0.01 0.01)
(3.14886 0.01 0.01)
(3.15253 0.01 0.01)
(3.1562 0.01 0.01)
(3.15987 0.01 0.01)
(3.16354 0.01 0.01)
(3.16721 0.01 0.01)
(3.17088 0.01 0.01)
(3.17455 0.01 0.01)
(3.17822 0.01 0.01)
(3.18189 0.01 0.01)
(3.18556 0.01 0.01)
(3.18923 0.01 0.01)
(3.1929 0.01 0.01)
(3.19657 0.01 0.01)
(3.20024 0.01 0.01)
(3.20391 0.01 0.01)
(3.20758 0.01 0.01)
(3.21125 0.01 0.01)
(3.21492 0.01 0.01)
(3.21859 0.01 0.01)
(3.22226 0.01 0.01)
(3.22593 0.01 0.01)
(3.2296 0.01 0.01)
(3.23327 0.01 0.01)
(3.23694 0.01 0.01)
(3.24061 0.01 0.01)
(3.24428 0.01 0.01)
(3.24795 0.01 0.01)
(3.25162 0.01 0.01)
(3.25529 0.01 0.01)
(3.25896 0.01 0.01)
(3.26263 0.01 0.01)
(3.2663 0.01 0.01)
(3.26997 0.01 0.01)
(3.27364 0.01 0.01)
(3.27731 0.01 0.01)
(3.28098 0.01 0.01)
(3.28465 0.01 0.01)
(3.28832 0.01 0.01)
(3.29199 0.01 0.01)
(3.29566 0.01 0.01)
(3.29933 0.01 0.01)
(3.303 0.01 0.01)
(3.30667 0.01 0.01)
(3.31034 0.01 0.01)
(3.31401 0.01 0.01)
(3.31768 0.01 0.01)
(3.32135 0.01 0.01)
(3.32502 0.01 0.01)
(3.32869 0.01 0.01)
(3.33236 0.01 0.01)
(3.33603 0.01 0.01)
(3.3397 0.01 0.01)
(3.34337 0.01 0.01)
(3.34704 0.01 0.01)
(3.35071 0.01 0.01)
(3.35438 0.01 0.01)
(3.35805 0.01 0.01)
(3.36172 0.01 0.01)
(3.36539 0.01 0.01)
(3.36906 0.01 0.01)
(3.37273 0.01 0.01)
(3.3764 0.01 0.01)
(3.38007 0.01 0.01)
(3.38374 0.01 0.01)
(3.38741 0.01 0.01)
(3.39108 0.01 0.01)
(3.39475 0.01 0.01)
(3.39842 0.01 0.01)
(3.40209 0.01 0.01)
(3.40576 0.01 0.01)
(3.40943 0.01 0.01)
(3.4131 0.01 0.01)
(3.41677 0.01 0.01)
(3.42044 0.01 0.01)
(3.42411 0.01 0.01)
(3.42778 0.01 0.01)
(3.43145 0.01 0.01)
(3.43512 0.01 0.01)
(3.43879 0.01 0.01)
(3.44246 0.01 0.01)
(3.44613 0.01 0.01)
(3.4498 0.01 0.01)
(3.45347 0.01 0.01)
(3.45714 0.01 0.01)
(3.46081 0.01 0.01)
(3.46448 0.01 0.01)
(3.46815 0.01 0.01)
(3.47182 0.01 0.01)
(3.47549 0.01 0.01)
(3.47916 0.01 0.01)
(3.48283 0.01 0.01)
(3.4865 0.01 0.01)
(3.49017 0.01 0.01)
(3.49384 0.01 0.01)
(3.49751 0.01 0.01)
(3.50118 0.01 0.01)
(3.50485 0.01 0.01)
(3.50852 0.01 0.01)
(3.51219 0.01 0.01)
(3.51586 0.01 0.01)
(3.51953 0.01 0.01)
(3.5232 0.01 0.01)
(3.52687 0.01 0.01)
(3.53054 0.01 0.01)
(3.53421 0.01 0.01)
(3.53788 0.01 0.01)
(3.54155 0.01 0.01)
(3.54522 0.01 0.01)
(3.54889 0.01 0.01)
(3.55256 0.01 0.01)
(3.55623 0.01 0.01)
(3.5599 0.01 0.01)
(3.56357 0.01 0.01)
(3.56724 0.01 0.01)
(3.57091 0.01 0.01)
(3.57458 0.01 0.01)
(3.57825 0.01 0.01)
(3.58192 0.01 0.01)
(3.58559 0.01 0.01)
(3.58926 0.01 0.01)
(3.59293 0.01 0.01)
(3.5966 0.01 0.01)
(3.60027 0.01 0.01)
(3.60394 0.01 0.01)
(3.60761 0.01 0.01)
(3.61128 0.01 0.01)
(3.61495 0.01 0.01)
(3.61862 0.01 0.01)
(3.62229 0.01 0.01)
(3.62596 0.01 0.01)
(3.62963 0.01 0.01)
(3.6333 0.01 0.01)
(3.63697 0.01 0.01)
(3.64064 0.01 0.01)
(3.64431 0.01 0.01)
(3.64798 0.01 0.01)
(3.65165 0.01 0.01)
(3.65532 0.01 0.01)
(3.65899 0.01 0.01)
(3.66266 0.01 0.01)
(3.66633 0.01 0.01)
(3.67 0.01 0.01)
)


// ************************************************************************* //
