/*--------------------------------*- C++ -*----------------------------------*\
  =========                 |
  \\      /  F ield         | OpenFOAM: The Open Source CFD Toolbox
   \\    /   O peration     | Website:  https://openfoam.org
    \\  /    A nd           | Version:  9
     \\/     M anipulation  |
\*---------------------------------------------------------------------------*/
FoamFile
{
    format      ascii;
    class       volScalarField;
    location    "550";
    object      krb;
}
// * * * * * * * * * * * * * * * * * * * * * * * * * * * * * * * * * * * * * //

dimensions      [0 0 0 0 0 0 0];

internalField   nonuniform List<scalar> 
1000
(
0.300704
0.517527
0.473452
0.419299
0.376274
0.341607
0.31272
0.287987
0.266359
0.247133
0.229797
0.213981
0.199392
0.185799
0.173003
0.160827
0.149024
0.137219
0.124751
0.110657
0.0942265
0.076286
0.059777
0.0476576
0.0404585
0.0368054
0.0351345
0.0344213
0.0341322
0.0340199
0.033978
0.0339628
0.0339573
0.0339553
0.0339544
0.0339538
0.0339533
0.0339528
0.0339521
0.0339513
0.0339504
0.0339495
0.0339485
0.0339475
0.0339464
0.0339453
0.0339439
0.0339423
0.0339403
0.0339381
0.0339356
0.0339329
0.0339299
0.0339266
0.033923
0.033919
0.0339147
0.0339101
0.0339053
0.0339001
0.0338946
0.0338887
0.0338824
0.0338757
0.0338686
0.0338611
0.0338532
0.033845
0.0338365
0.0338275
0.0338182
0.0338085
0.0337988
0.0337888
0.0337789
0.0337689
0.033759
0.0337491
0.0337395
0.0337301
0.0337213
0.033713
0.0337054
0.0336983
0.0336919
0.0336861
0.0336811
0.0336766
0.033673
0.03367
0.0336676
0.0336655
0.0336641
0.0336627
0.0336615
0.0336608
0.0336608
0.0336613
0.0336658
0.0336789
0.0337652
0.0347087
0.0351341
0.035156
0.0351562
0.0351562
0.0351562
0.0351562
0.0351562
0.0351562
0.0351562
0.0351562
0.0351563
0.0351563
0.0351563
0.0351563
0.0351563
0.0351563
0.0351563
0.0351563
0.0351563
0.0351563
0.0351563
0.0351563
0.0351562
0.0351563
0.0351563
0.0351563
0.0351562
0.0351562
0.0351563
0.0351563
0.0351563
0.0351563
0.0351563
0.0351563
0.0351563
0.0351562
0.0351563
0.0351562
0.0351562
0.0351563
0.0351562
0.0351562
0.0351563
0.0351563
0.0351563
0.0351563
0.0351563
0.0351563
0.0351563
0.0351563
0.0351563
0.0351563
0.0351563
0.0351563
0.0351563
0.0351563
0.0351563
0.0351563
0.0351563
0.0351563
0.0351563
0.0351562
0.0351562
0.0351562
0.0351562
0.0351562
0.0351562
0.0351563
0.0351563
0.0351563
0.0351562
0.0351562
0.0351563
0.0351562
0.0351562
0.0351562
0.0351562
0.0351562
0.0351562
0.0351562
0.0351562
0.0351562
0.0351562
0.0351562
0.0351562
0.0351562
0.0351562
0.0351562
0.0351563
0.0351563
0.0351563
0.0351562
0.0351563
0.0351563
0.0351563
0.0351563
0.0351563
0.0351562
0.0351562
0.0351563
0.0351562
0.0351562
0.0351562
0.0351562
0.0351562
0.0351562
0.0351562
0.0351562
0.0351563
0.0351563
0.0351563
0.0351563
0.0351563
0.0351562
0.0351562
0.0351562
0.0351562
0.0351562
0.0351562
0.0351563
0.0351563
0.0351563
0.0351563
0.0351563
0.0351562
0.0351562
0.0351563
0.0351562
0.0351562
0.0351562
0.0351562
0.0351562
0.0351562
0.0351562
0.0351563
0.0351563
0.0351563
0.0351563
0.0351563
0.0351562
0.0351562
0.0351563
0.0351563
0.0351563
0.0351562
0.0351563
0.0351563
0.0351563
0.0351563
0.0351563
0.0351562
0.0351562
0.0351562
0.0351562
0.0351562
0.0351562
0.0351562
0.0351563
0.0351563
0.0351563
0.0351562
0.0351563
0.0351563
0.0351563
0.0351563
0.0351563
0.0351563
0.0351562
0.0351562
0.0351562
0.0351563
0.0351562
0.0351562
0.0351562
0.0351562
0.0351562
0.0351562
0.0351563
0.0351562
0.0351563
0.0351563
0.0351563
0.0351562
0.0351562
0.0351562
0.0351562
0.0351562
0.0351562
0.0351562
0.0351562
0.0351562
0.0351562
0.0351562
0.0351562
0.0351563
0.0351563
0.0351563
0.0351562
0.0351562
0.0351562
0.0351562
0.0351562
0.0351562
0.0351562
0.0351562
0.0351562
0.0351562
0.0351562
0.0351562
0.0351562
0.0351562
0.0351563
0.0351563
0.0351563
0.0351563
0.0351563
0.0351562
0.0351562
0.0351562
0.0351562
0.0351562
0.0351562
0.0351562
0.0351562
0.0351563
0.0351563
0.0351563
0.0351562
0.0351562
0.0351563
0.0351563
0.0351563
0.0351562
0.0351562
0.0351562
0.0351562
0.0351562
0.0351562
0.0351562
0.0351562
0.0351562
0.0351563
0.0351563
0.0351563
0.0351562
0.0351562
0.0351562
0.0351563
0.0351563
0.0351563
0.0351563
0.0351562
0.0351562
0.0351562
0.0351562
0.0351563
0.0351563
0.0351563
0.0351563
0.0351562
0.0351562
0.0351562
0.0351562
0.0351562
0.0351563
0.0351563
0.0351563
0.0351562
0.0351562
0.0351563
0.0351563
0.0351563
0.0351563
0.0351562
0.0351562
0.0351562
0.0351562
0.0351562
0.0351562
0.0351562
0.0351562
0.0351563
0.0351563
0.0351563
0.0351563
0.0351563
0.0351563
0.0351562
0.0351562
0.0351562
0.0351563
0.0351563
0.0351562
0.0351562
0.0351562
0.0351562
0.0351563
0.0351563
0.0351563
0.0351563
0.0351563
0.0351563
0.0351562
0.0351562
0.0351562
0.0351562
0.0351563
0.0351563
0.0351563
0.0351563
0.0351563
0.0351563
0.0351562
0.0351563
0.0351563
0.0351563
0.0351563
0.0351563
0.0351563
0.0351563
0.0351563
0.0351563
0.0351563
0.0351562
0.0351563
0.0351563
0.0351562
0.0351563
0.0351562
0.0351563
0.0351563
0.0351562
0.0351563
0.0351563
0.0351563
0.0351563
0.0351562
0.0351562
0.0351563
0.0351562
0.0351562
0.0351562
0.0351562
0.0351562
0.0351563
0.0351563
0.0351563
0.0351563
0.0351563
0.0351563
0.0351562
0.0351562
0.0351562
0.0351562
0.0351562
0.0351562
0.0351562
0.0351562
0.0351562
0.0351562
0.0351562
0.0351562
0.0351562
0.0351562
0.0351563
0.0351563
0.0351563
0.0351563
0.0351562
0.0351563
0.0351562
0.0351562
0.0351562
0.0351562
0.0351562
0.0351562
0.0351562
0.0351562
0.0351562
0.0351562
0.0351562
0.0351562
0.0351562
0.0351563
0.0351562
0.0351563
0.0351563
0.0351563
0.0351562
0.0351563
0.0351563
0.0351563
0.0351563
0.0351563
0.0351563
0.0351563
0.0351563
0.0351563
0.0351562
0.0351562
0.0351563
0.0351562
0.0351563
0.0351563
0.0351563
0.0351563
0.0351562
0.0351562
0.0351562
0.0351563
0.0351563
0.0351563
0.0351563
0.0351563
0.0351563
0.0351563
0.0351563
0.0351563
0.0351563
0.0351563
0.0351563
0.0351563
0.0351563
0.0351563
0.0351562
0.0351563
0.0351563
0.0351563
0.0351563
0.0351563
0.0351563
0.0351562
0.0351563
0.0351563
0.0351563
0.0351563
0.0351563
0.0351563
0.0351563
0.0351562
0.0351562
0.0351562
0.0351562
0.0351563
0.0351562
0.0351563
0.0351563
0.0351563
0.0351563
0.0351563
0.0351563
0.0351563
0.0351562
0.0351562
0.0351562
0.0351563
0.0351563
0.0351563
0.0351562
0.0351563
0.0351563
0.0351563
0.0351563
0.0351563
0.0351562
0.0351562
0.0351562
0.0351562
0.0351562
0.0351563
0.0351562
0.0351562
0.0351563
0.0351562
0.0351562
0.0351562
0.0351562
0.0351562
0.0351563
0.0351563
0.0351562
0.0351562
0.0351562
0.0351562
0.0351563
0.0351562
0.0351563
0.0351563
0.0351563
0.0351563
0.0351562
0.0351563
0.0351562
0.0351562
0.0351562
0.0351562
0.0351562
0.0351562
0.0351562
0.0351563
0.0351563
0.0351563
0.0351563
0.0351563
0.0351563
0.0351563
0.0351563
0.0351563
0.0351562
0.0351562
0.0351563
0.0351563
0.0351563
0.0351563
0.0351563
0.0351563
0.0351563
0.0351563
0.0351563
0.0351562
0.0351563
0.0351563
0.0351563
0.0351563
0.0351563
0.0351563
0.0351562
0.0351563
0.0351563
0.0351563
0.0351563
0.0351563
0.0351563
0.0351563
0.0351563
0.0351562
0.0351562
0.0351562
0.0351562
0.0351562
0.0351563
0.0351563
0.0351563
0.0351563
0.0351562
0.0351563
0.0351562
0.0351562
0.0351562
0.0351562
0.0351562
0.0351562
0.0351562
0.0351563
0.0351563
0.0351563
0.0351563
0.0351562
0.0351562
0.0351562
0.0351563
0.0351563
0.0351563
0.0351562
0.0351563
0.0351562
0.0351563
0.0351563
0.0351563
0.0351563
0.0351563
0.0351563
0.0351563
0.0351563
0.0351562
0.0351562
0.0351562
0.0351562
0.0351562
0.0351562
0.0351562
0.0351562
0.0351562
0.0351562
0.0351562
0.0351562
0.0351562
0.0351562
0.0351563
0.0351563
0.0351562
0.0351562
0.0351562
0.0351562
0.0351563
0.0351563
0.0351562
0.0351562
0.0351563
0.0351563
0.0351563
0.0351563
0.0351563
0.0351563
0.0351563
0.0351562
0.0351562
0.0351562
0.0351562
0.0351563
0.0351563
0.0351563
0.0351563
0.0351563
0.0351563
0.0351563
0.0351563
0.0351563
0.0351562
0.0351562
0.0351562
0.0351562
0.0351562
0.0351563
0.0351563
0.0351562
0.0351562
0.0351562
0.0351562
0.0351563
0.0351563
0.0351563
0.0351563
0.0351563
0.0351563
0.0351563
0.0351563
0.0351562
0.0351563
0.0351562
0.0351562
0.0351563
0.0351562
0.0351562
0.0351562
0.0351563
0.0351563
0.0351563
0.0351563
0.0351562
0.0351562
0.0351563
0.0351563
0.0351563
0.0351563
0.0351563
0.0351563
0.0351563
0.0351563
0.0351562
0.0351563
0.0351562
0.0351562
0.0351563
0.0351562
0.0351562
0.0351563
0.0351563
0.0351563
0.0351563
0.0351562
0.0351562
0.0351562
0.0351562
0.0351562
0.0351563
0.0351563
0.0351563
0.0351563
0.0351562
0.0351563
0.0351563
0.0351563
0.0351563
0.0351563
0.0351562
0.0351563
0.0351562
0.0351563
0.0351563
0.0351562
0.0351562
0.0351563
0.0351562
0.0351563
0.0351562
0.0351562
0.0351562
0.0351563
0.0351562
0.0351563
0.0351562
0.0351563
0.0351562
0.0351562
0.0351562
0.0351562
0.0351562
0.0351562
0.0351562
0.0351562
0.0351562
0.0351562
0.0351562
0.0351563
0.0351563
0.0351563
0.0351563
0.0351563
0.0351563
0.0351563
0.0351562
0.0351563
0.0351562
0.0351562
0.0351562
0.0351562
0.0351562
0.0351562
0.0351563
0.0351563
0.0351563
0.0351563
0.0351563
0.0351563
0.0351563
0.0351563
0.0351563
0.0351563
0.0351562
0.0351563
0.0351562
0.0351563
0.0351563
0.0351562
0.0351563
0.0351562
0.0351562
0.0351562
0.0351562
0.0351562
0.0351562
0.0351563
0.0351563
0.0351563
0.0351563
0.0351562
0.0351562
0.0351563
0.0351563
0.0351563
0.0351563
0.0351563
0.0351563
0.0351563
0.0351563
0.0351563
0.0351563
0.0351563
0.0351563
0.0351563
0.0351563
0.0351563
0.0351563
0.0351563
0.0351563
0.0351563
0.0351563
0.0351563
0.0351562
0.0351562
0.0351563
0.0351562
0.0351562
0.0351563
0.0351563
0.0351563
0.0351563
0.0351563
0.0351563
0.0351563
0.0351563
0.0351563
0.0351563
0.0351563
0.0351563
0.0351563
0.0351563
0.0351563
0.0351562
0.0351563
0.0351562
0.0351563
0.0351563
0.0351563
0.0351563
0.0351562
0.0351562
0.0351562
0.0351562
0.0351562
0.0351562
0.0351562
0.0351563
0.0351563
0.0351563
0.0351563
0.0351563
0.0351563
0.0351563
0.0351563
0.0351563
0.0351563
0.0351563
0.0351563
0.0351563
0.0351563
0.0351563
0.0351563
0.0351563
0.0351562
0.0351562
0.0351562
0.0351563
0.0351563
0.0351563
0.0351563
0.0351563
0.0351563
0.0351563
0.0351563
0.0351563
0.0351563
0.0351563
0.0351563
0.0351563
0.0351562
0.0351563
0.0351563
0.0351563
0.0351563
0.0351563
0.0351563
0.0351563
0.0351563
0.0351563
0.0351563
0.0351563
0.0351563
0.0351563
0.0351563
0.0351563
0.0351563
0.0351563
0.0351563
0.0351563
0.0351563
0.0351563
0.0351563
0.0351563
0.0351563
0.0351563
0.0351563
0.0351563
0.0351563
0.0351563
0.0351563
0.0351563
0.0351563
0.0351563
0.0351563
0.0351563
0.0351563
0.0351563
0.0351563
0.0351563
0.0351563
0.0351563
0.0351563
0.0351562
0.0351562
0.0351562
0.0351562
0.0351562
0.0351562
0.0351562
0.0351562
0.0351562
)
;

boundaryField
{
    inlet
    {
        type            calculated;
        value           uniform 0.0976562;
    }
    outlet
    {
        type            calculated;
        value           uniform 0.0351562;
    }
    emptyWalls
    {
        type            empty;
    }
}


// ************************************************************************* //
