/*--------------------------------*- C++ -*----------------------------------*\
  =========                 |
  \\      /  F ield         | OpenFOAM: The Open Source CFD Toolbox
   \\    /   O peration     | Website:  https://openfoam.org
    \\  /    A nd           | Version:  9
     \\/     M anipulation  |
\*---------------------------------------------------------------------------*/
FoamFile
{
    format      ascii;
    class       surfaceScalarField;
    location    "550";
    object      phia;
}
// * * * * * * * * * * * * * * * * * * * * * * * * * * * * * * * * * * * * * //

dimensions      [0 2 0 0 0 0 0];

internalField   nonuniform List<scalar> 
999
(
2.00158e-10
1.99131e-10
1.97887e-10
1.96583e-10
1.95257e-10
1.93951e-10
1.92687e-10
1.91422e-10
1.90185e-10
1.88976e-10
1.87754e-10
1.86558e-10
1.85358e-10
1.84163e-10
1.82985e-10
1.8179e-10
1.806e-10
1.79359e-10
1.7799e-10
1.76462e-10
1.74783e-10
1.73222e-10
1.72132e-10
1.71505e-10
1.71143e-10
1.70924e-10
1.7077e-10
1.70637e-10
1.7053e-10
1.70469e-10
1.70448e-10
1.70446e-10
1.7045e-10
1.70501e-10
1.70605e-10
1.70738e-10
1.709e-10
1.71085e-10
1.71287e-10
1.71501e-10
1.71723e-10
1.71954e-10
1.72198e-10
1.72464e-10
1.72762e-10
1.73105e-10
1.73503e-10
1.73966e-10
1.74501e-10
1.7511e-10
1.75795e-10
1.76558e-10
1.77399e-10
1.78316e-10
1.79312e-10
1.80389e-10
1.81548e-10
1.82795e-10
1.84134e-10
1.85568e-10
1.87102e-10
1.88741e-10
1.90488e-10
1.92346e-10
1.94316e-10
1.96399e-10
1.98594e-10
2.00898e-10
2.03307e-10
2.05813e-10
2.08409e-10
2.11081e-10
2.13816e-10
2.16596e-10
2.19403e-10
2.22214e-10
2.25004e-10
2.27747e-10
2.30418e-10
2.32988e-10
2.35433e-10
2.37727e-10
2.39853e-10
2.41794e-10
2.43537e-10
2.45082e-10
2.46431e-10
2.47583e-10
2.48548e-10
2.49357e-10
2.50025e-10
2.50536e-10
2.5093e-10
2.51281e-10
2.51551e-10
2.51658e-10
2.5165e-10
2.51326e-10
2.48351e-10
2.3874e-10
1.69e-10
1.24553e-11
2.27302e-14
1.14009e-20
2.14879e-34
8.54652e-64
4.42385e-127
7.92068e-263
0
0
0
0
0
0
0
0
0
0
0
0
0
0
0
0
0
0
0
0
0
0
0
0
0
0
0
0
0
0
0
0
0
0
0
0
0
0
0
0
0
0
0
0
0
0
0
0
0
0
0
0
0
0
0
0
0
0
0
0
0
0
0
0
0
0
0
0
0
0
0
0
0
0
0
0
0
0
0
0
0
0
0
0
0
0
0
0
0
0
0
0
0
0
0
0
0
0
0
0
0
0
0
0
0
0
0
0
0
0
0
0
0
0
0
0
0
0
0
0
0
0
0
0
0
0
0
0
0
0
0
0
0
0
0
0
0
0
0
0
0
0
0
0
0
0
0
0
0
0
0
0
0
0
0
0
0
0
0
0
0
0
0
0
0
0
0
0
0
0
0
0
0
0
0
0
0
0
0
0
0
0
0
0
0
0
0
0
0
0
0
0
0
0
0
0
0
0
0
0
0
0
0
0
0
0
0
0
0
0
0
0
0
0
0
0
0
0
0
0
0
0
0
0
0
0
0
0
0
0
0
0
0
0
0
0
0
0
0
0
0
0
0
0
0
0
0
0
0
0
0
0
0
0
0
0
0
0
0
0
0
0
0
0
0
0
0
0
0
0
0
0
0
0
0
0
0
0
0
0
0
0
0
0
0
0
0
0
0
0
0
0
0
0
0
0
0
0
0
0
0
0
0
0
0
0
0
0
0
0
0
0
0
0
0
0
0
0
0
0
0
0
0
0
0
0
0
0
0
0
0
0
0
0
0
0
0
0
0
0
0
0
0
0
0
0
0
0
0
0
0
0
0
0
0
0
0
0
0
0
0
0
0
0
0
0
0
0
0
0
0
0
0
0
0
0
0
0
0
0
0
0
0
0
0
0
0
0
0
0
0
0
0
0
0
0
0
0
0
0
0
0
0
0
0
0
0
0
0
0
0
0
0
0
0
0
0
0
0
0
0
0
0
0
0
0
0
0
0
0
0
0
0
0
0
0
0
0
0
0
0
0
0
0
0
0
0
0
0
0
0
0
0
0
0
0
0
0
0
0
0
0
0
0
0
0
0
0
0
0
0
0
0
0
0
0
0
0
0
0
0
0
0
0
0
0
0
0
0
0
0
0
0
0
0
0
0
0
0
0
0
0
0
0
0
0
0
0
0
0
0
0
0
0
0
0
0
0
0
0
0
0
0
0
0
0
0
0
0
0
0
0
0
0
0
0
0
0
0
0
0
0
0
0
0
0
0
0
0
0
0
0
0
0
0
0
0
0
0
0
0
0
0
0
0
0
0
0
0
0
0
0
0
0
0
0
0
0
0
0
0
0
0
0
0
0
0
0
0
0
0
0
0
0
0
0
0
0
0
0
0
0
0
0
0
0
0
0
0
0
0
0
0
0
0
0
0
0
0
0
0
0
0
0
0
0
0
0
0
0
0
0
0
0
0
0
0
0
0
0
0
0
0
0
0
0
0
0
0
0
0
0
0
0
0
0
0
0
0
0
0
0
0
0
0
0
0
0
0
0
0
0
0
0
0
0
0
0
0
0
0
0
0
0
0
0
0
0
0
0
0
0
0
0
0
0
0
0
0
0
0
0
0
0
0
0
0
0
0
0
0
0
0
0
0
0
0
0
0
0
0
0
0
0
0
0
0
0
0
0
0
0
0
0
0
0
0
0
0
0
0
0
0
0
0
0
0
0
0
0
0
0
0
0
0
0
0
0
0
0
0
0
0
0
0
0
0
0
0
0
0
0
0
0
0
0
0
0
0
0
0
0
0
0
0
0
0
0
0
0
0
0
0
0
0
0
0
0
0
0
0
0
0
0
0
0
0
0
0
0
0
0
0
0
0
0
0
0
0
0
0
0
0
0
0
0
0
0
0
0
0
0
0
0
0
0
0
0
0
0
0
0
0
0
0
0
0
0
0
0
0
0
0
0
0
0
0
0
0
0
0
0
0
0
0
0
0
0
0
0
0
0
0
0
0
0
0
0
0
0
0
0
0
0
0
0
0
0
0
0
0
)
;

boundaryField
{
    inlet
    {
        type            calculated;
        value           uniform -2.74882e-10;
    }
    outlet
    {
        type            calculated;
        value           uniform 0;
    }
    emptyWalls
    {
        type            empty;
        value           nonuniform List<scalar> 0();
    }
}


// ************************************************************************* //
