/*--------------------------------*- C++ -*----------------------------------*\
  =========                 |
  \\      /  F ield         | OpenFOAM: The Open Source CFD Toolbox
   \\    /   O peration     | Website:  https://openfoam.org
    \\  /    A nd           | Version:  9
     \\/     M anipulation  |
\*---------------------------------------------------------------------------*/
FoamFile
{
    format      ascii;
    class       volScalarField;
    location    "800";
    object      krb;
}
// * * * * * * * * * * * * * * * * * * * * * * * * * * * * * * * * * * * * * //

dimensions      [0 0 0 0 0 0 0];

internalField   nonuniform List<scalar> 
1000
(
0.154133
0.524499
0.523629
0.484072
0.444302
0.410048
0.380753
0.355495
0.333408
0.31384
0.296293
0.280398
0.265863
0.252469
0.240045
0.228444
0.217549
0.207265
0.197512
0.188216
0.179316
0.170759
0.162492
0.154465
0.146623
0.138885
0.131108
0.122996
0.114004
0.103341
0.0903707
0.0755541
0.0610555
0.0495085
0.0419817
0.0377826
0.0356721
0.0346793
0.0342326
0.0340384
0.0339564
0.0339229
0.0339094
0.0339041
0.0339019
0.0339012
0.0339012
0.0339015
0.0339018
0.0339021
0.0339024
0.0339029
0.0339034
0.0339041
0.0339049
0.0339057
0.0339066
0.0339076
0.0339086
0.0339098
0.033911
0.0339123
0.0339136
0.0339149
0.0339163
0.0339176
0.033919
0.0339204
0.0339219
0.0339234
0.0339248
0.0339261
0.0339275
0.0339288
0.0339303
0.0339317
0.0339331
0.0339344
0.0339357
0.0339369
0.0339381
0.0339393
0.0339406
0.0339418
0.033943
0.0339441
0.0339451
0.0339461
0.033947
0.033948
0.0339489
0.0339498
0.0339506
0.0339513
0.0339518
0.0339523
0.0339527
0.0339531
0.0339533
0.0339535
0.0339536
0.0339535
0.0339534
0.0339531
0.033953
0.0339526
0.0339524
0.0339515
0.0339512
0.0339498
0.0339495
0.033948
0.0339476
0.0339459
0.0339454
0.033943
0.0339421
0.0339393
0.0339381
0.0339351
0.0339338
0.0339305
0.033929
0.0339245
0.0339222
0.0339179
0.0339153
0.0339096
0.0339069
0.0339018
0.0338978
0.0338913
0.0338883
0.0338823
0.0338763
0.0338694
0.0338665
0.0338583
0.0338505
0.0338451
0.0338414
0.0338284
0.0338228
0.0338223
0.033841
0.033955
0.0348369
0.0351448
0.0351561
0.0351562
0.0351562
0.0351562
0.0351562
0.0351562
0.0351562
0.0351562
0.0351563
0.0351563
0.0351563
0.0351563
0.0351563
0.0351563
0.0351563
0.0351563
0.0351563
0.0351563
0.0351563
0.0351563
0.0351563
0.0351563
0.0351562
0.0351562
0.0351562
0.0351562
0.0351563
0.0351563
0.0351563
0.0351562
0.0351562
0.0351562
0.0351562
0.0351562
0.0351562
0.0351563
0.0351562
0.0351562
0.0351562
0.0351562
0.0351562
0.0351562
0.0351562
0.0351562
0.0351563
0.0351562
0.0351563
0.0351562
0.0351562
0.0351562
0.0351562
0.0351562
0.0351563
0.0351562
0.0351563
0.0351563
0.0351563
0.0351563
0.0351562
0.0351563
0.0351563
0.0351562
0.0351563
0.0351563
0.0351562
0.0351562
0.0351563
0.0351563
0.0351563
0.0351563
0.0351563
0.0351563
0.0351563
0.0351563
0.0351562
0.0351563
0.0351562
0.0351562
0.0351562
0.0351562
0.0351563
0.0351562
0.0351563
0.0351563
0.0351563
0.0351563
0.0351563
0.0351563
0.0351563
0.0351562
0.0351562
0.0351562
0.0351562
0.0351562
0.0351562
0.0351562
0.0351562
0.0351563
0.0351563
0.0351563
0.0351563
0.0351563
0.0351563
0.0351562
0.0351563
0.0351563
0.0351562
0.0351563
0.0351563
0.0351563
0.0351563
0.0351563
0.0351562
0.0351562
0.0351562
0.0351562
0.0351562
0.0351562
0.0351563
0.0351563
0.0351563
0.0351562
0.0351562
0.0351562
0.0351563
0.0351562
0.0351563
0.0351563
0.0351563
0.0351563
0.0351563
0.0351563
0.0351563
0.0351563
0.0351563
0.0351562
0.0351562
0.0351562
0.0351562
0.0351563
0.0351563
0.0351563
0.0351562
0.0351563
0.0351562
0.0351562
0.0351562
0.0351563
0.0351563
0.0351563
0.0351562
0.0351562
0.0351562
0.0351562
0.0351562
0.0351562
0.0351562
0.0351563
0.0351563
0.0351563
0.0351563
0.0351562
0.0351562
0.0351562
0.0351562
0.0351562
0.0351562
0.0351562
0.0351562
0.0351562
0.0351562
0.0351562
0.0351562
0.0351562
0.0351562
0.0351562
0.0351563
0.0351563
0.0351563
0.0351563
0.0351563
0.0351562
0.0351562
0.0351562
0.0351562
0.0351562
0.0351563
0.0351562
0.0351562
0.0351563
0.0351563
0.0351563
0.0351563
0.0351563
0.0351563
0.0351563
0.0351563
0.0351562
0.0351562
0.0351562
0.0351562
0.0351563
0.0351562
0.0351563
0.0351562
0.0351563
0.0351562
0.0351562
0.0351562
0.0351563
0.0351563
0.0351562
0.0351562
0.0351562
0.0351562
0.0351562
0.0351562
0.0351563
0.0351562
0.0351563
0.0351563
0.0351563
0.0351562
0.0351563
0.0351562
0.0351563
0.0351562
0.0351562
0.0351562
0.0351563
0.0351563
0.0351563
0.0351563
0.0351563
0.0351563
0.0351563
0.0351563
0.0351562
0.0351562
0.0351562
0.0351562
0.0351562
0.0351563
0.0351563
0.0351563
0.0351563
0.0351563
0.0351563
0.0351563
0.0351562
0.0351562
0.0351563
0.0351562
0.0351562
0.0351562
0.0351562
0.0351562
0.0351562
0.0351562
0.0351562
0.0351563
0.0351563
0.0351563
0.0351563
0.0351563
0.0351563
0.0351563
0.0351562
0.0351563
0.0351563
0.0351563
0.0351563
0.0351563
0.0351563
0.0351563
0.0351563
0.0351563
0.0351562
0.0351563
0.0351563
0.0351563
0.0351563
0.0351563
0.0351563
0.0351563
0.0351563
0.0351563
0.0351563
0.0351563
0.0351563
0.0351563
0.0351563
0.0351563
0.0351562
0.0351562
0.0351563
0.0351562
0.0351562
0.0351562
0.0351562
0.0351562
0.0351563
0.0351562
0.0351563
0.0351563
0.0351563
0.0351563
0.0351563
0.0351563
0.0351563
0.0351563
0.0351563
0.0351562
0.0351562
0.0351563
0.0351562
0.0351563
0.0351563
0.0351562
0.0351562
0.0351563
0.0351562
0.0351562
0.0351562
0.0351562
0.0351562
0.0351563
0.0351563
0.0351563
0.0351563
0.0351563
0.0351563
0.0351562
0.0351563
0.0351563
0.0351563
0.0351562
0.0351562
0.0351562
0.0351562
0.0351562
0.0351562
0.0351562
0.0351562
0.0351562
0.0351562
0.0351562
0.0351562
0.0351562
0.0351563
0.0351563
0.0351563
0.0351562
0.0351563
0.0351563
0.0351563
0.0351563
0.0351563
0.0351563
0.0351563
0.0351563
0.0351563
0.0351563
0.0351562
0.0351562
0.0351563
0.0351563
0.0351563
0.0351562
0.0351562
0.0351562
0.0351562
0.0351562
0.0351562
0.0351563
0.0351563
0.0351563
0.0351563
0.0351563
0.0351563
0.0351563
0.0351563
0.0351563
0.0351563
0.0351563
0.0351563
0.0351563
0.0351563
0.0351563
0.0351563
0.0351562
0.0351563
0.0351563
0.0351563
0.0351563
0.0351563
0.0351563
0.0351563
0.0351563
0.0351563
0.0351563
0.0351563
0.0351562
0.0351563
0.0351562
0.0351562
0.0351562
0.0351563
0.0351562
0.0351563
0.0351563
0.0351563
0.0351563
0.0351563
0.0351563
0.0351562
0.0351563
0.0351562
0.0351562
0.0351563
0.0351563
0.0351563
0.0351563
0.0351563
0.0351563
0.0351563
0.0351563
0.0351562
0.0351563
0.0351562
0.0351563
0.0351563
0.0351562
0.0351562
0.0351562
0.0351562
0.0351562
0.0351562
0.0351562
0.0351562
0.0351562
0.0351562
0.0351562
0.0351562
0.0351562
0.0351563
0.0351563
0.0351562
0.0351563
0.0351563
0.0351563
0.0351563
0.0351563
0.0351563
0.0351563
0.0351563
0.0351563
0.0351563
0.0351562
0.0351562
0.0351563
0.0351563
0.0351562
0.0351562
0.0351562
0.0351562
0.0351562
0.0351562
0.0351563
0.0351563
0.0351563
0.0351563
0.0351563
0.0351563
0.0351563
0.0351563
0.0351563
0.0351563
0.0351562
0.0351563
0.0351562
0.0351562
0.0351563
0.0351563
0.0351562
0.0351563
0.0351562
0.0351563
0.0351563
0.0351563
0.0351562
0.0351563
0.0351563
0.0351563
0.0351563
0.0351563
0.0351563
0.0351563
0.0351563
0.0351563
0.0351563
0.0351562
0.0351562
0.0351563
0.0351563
0.0351563
0.0351563
0.0351563
0.0351562
0.0351563
0.0351562
0.0351562
0.0351562
0.0351562
0.0351562
0.0351562
0.0351562
0.0351562
0.0351563
0.0351562
0.0351563
0.0351563
0.0351563
0.0351563
0.0351562
0.0351562
0.0351563
0.0351563
0.0351563
0.0351563
0.0351563
0.0351563
0.0351563
0.0351563
0.0351563
0.0351563
0.0351563
0.0351562
0.0351562
0.0351562
0.0351562
0.0351562
0.0351562
0.0351562
0.0351562
0.0351562
0.0351562
0.0351562
0.0351562
0.0351562
0.0351562
0.0351562
0.0351562
0.0351562
0.0351562
0.0351562
0.0351563
0.0351562
0.0351562
0.0351562
0.0351563
0.0351563
0.0351563
0.0351563
0.0351563
0.0351562
0.0351562
0.0351562
0.0351562
0.0351562
0.0351563
0.0351563
0.0351563
0.0351563
0.0351563
0.0351563
0.0351563
0.0351563
0.0351563
0.0351563
0.0351563
0.0351563
0.0351563
0.0351562
0.0351562
0.0351562
0.0351562
0.0351562
0.0351563
0.0351563
0.0351563
0.0351562
0.0351563
0.0351563
0.0351563
0.0351562
0.0351562
0.0351563
0.0351563
0.0351563
0.0351563
0.0351563
0.0351562
0.0351563
0.0351563
0.0351562
0.0351562
0.0351563
0.0351563
0.0351563
0.0351563
0.0351563
0.0351563
0.0351563
0.0351563
0.0351563
0.0351563
0.0351563
0.0351563
0.0351562
0.0351562
0.0351562
0.0351563
0.0351563
0.0351563
0.0351562
0.0351563
0.0351563
0.0351562
0.0351563
0.0351562
0.0351563
0.0351562
0.0351563
0.0351563
0.0351563
0.0351563
0.0351563
0.0351563
0.0351562
0.0351562
0.0351562
0.0351563
0.0351562
0.0351563
0.0351563
0.0351563
0.0351562
0.0351563
0.0351563
0.0351563
0.0351563
0.0351563
0.0351563
0.0351563
0.0351563
0.0351563
0.0351563
0.0351563
0.0351562
0.0351562
0.0351562
0.0351562
0.0351562
0.0351562
0.0351563
0.0351563
0.0351562
0.0351562
0.0351562
0.0351562
0.0351562
0.0351562
0.0351562
0.0351562
0.0351562
0.0351563
0.0351563
0.0351563
0.0351563
0.0351563
0.0351562
0.0351562
0.0351562
0.0351562
0.0351562
0.0351562
0.0351562
0.0351562
0.0351562
0.0351562
0.0351563
0.0351562
0.0351563
0.0351562
0.0351563
0.0351563
0.0351563
0.0351563
0.0351563
0.0351562
0.0351563
0.0351563
0.0351563
0.0351563
0.0351563
0.0351563
0.0351562
0.0351562
0.0351562
0.0351562
0.0351562
0.0351562
0.0351562
0.0351562
0.0351563
0.0351563
0.0351563
0.0351563
0.0351563
0.0351563
0.0351563
0.0351563
0.0351563
0.0351563
0.0351563
0.0351563
0.0351563
0.0351563
0.0351563
0.0351563
0.0351563
0.0351563
0.0351563
0.0351563
0.0351562
0.0351563
0.0351563
0.0351563
0.0351562
0.0351563
0.0351562
0.0351562
0.0351562
0.0351562
0.0351562
0.0351563
0.0351563
0.0351563
0.0351562
0.0351562
0.0351563
0.0351563
0.0351562
0.0351563
0.0351562
0.0351563
0.0351563
0.0351563
0.0351563
0.0351562
0.0351562
0.0351562
0.0351562
0.0351562
0.0351562
0.0351563
0.0351563
0.0351563
0.0351563
0.0351563
0.0351563
0.0351562
0.0351562
0.0351562
0.0351563
0.0351563
0.0351563
0.0351563
0.0351563
0.0351563
0.0351563
0.0351563
0.0351563
0.0351562
0.0351562
0.0351563
0.0351563
0.0351562
0.0351562
0.0351562
0.0351562
0.0351562
0.0351562
0.0351562
0.0351563
0.0351563
0.0351563
0.0351563
0.0351563
0.0351562
0.0351562
0.0351562
0.0351563
0.0351563
0.0351563
0.0351563
0.0351563
0.0351563
0.0351563
0.0351563
0.0351563
0.0351563
0.0351563
0.0351563
0.0351563
0.0351563
0.0351563
0.0351563
0.0351563
0.0351563
0.0351563
0.0351563
0.0351563
0.0351563
0.0351563
0.0351563
0.0351563
0.0351563
0.0351563
0.0351563
0.0351563
0.0351563
0.0351563
0.0351563
0.0351563
0.0351563
0.0351563
0.0351563
0.0351563
0.0351563
0.0351563
0.0351563
0.0351562
0.0351562
0.0351562
0.0351562
0.0351562
0.0351562
0.0351562
0.0351562
0.0351562
)
;

boundaryField
{
    inlet
    {
        type            calculated;
        value           uniform 0.0976562;
    }
    outlet
    {
        type            calculated;
        value           uniform 0.0351562;
    }
    emptyWalls
    {
        type            empty;
    }
}


// ************************************************************************* //
